{
 "cells": [
  {
   "cell_type": "code",
   "execution_count": 12,
   "id": "eb7f2a81-d5a4-4d60-b564-283c0ff8b5e4",
   "metadata": {},
   "outputs": [],
   "source": [
    "import pyCloudy as pc\n",
    "import pyneb\n",
    "import numpy as np\n",
    "import os\n",
    "import matplotlib.pyplot as plt\n",
    "import glob\n",
    "import re\n",
    "import sys\n",
    "import os\n",
    "sys.path.append(os.path.abspath(os.path.join(os.getcwd(), '..'))) #TJ change directory to include the entire ASTRO5160 directory\n",
    "from Py_files.Basic_analysis import *\n",
    "\n",
    "def parse_emission_lines(model_name, target_string, wl_range):\n",
    "    \"\"\"\n",
    "    Parse a file and extract emission line data matching the pattern:\n",
    "    [Capital letter][optional lowercase letter] space integer (e.g., H  1 or He 2)\n",
    "    followed by wavelength, flux values, etc.\n",
    "    \n",
    "    Args:\n",
    "        model_name: type = str - model_name used to find the output file you want to parse\n",
    "        target_string: type = str - species you want expected fluxes for. \"H  1\" for example, note the two spaces between H and 1.\n",
    "        wl_range: type = list - [shortest wavelength, longest wavelength] representing the range we are interested in (in meters)\n",
    "    Returns:\n",
    "        list: List of lists, each containing [species, wavelength, flux1, flux2, ...]\n",
    "    \"\"\"\n",
    "    filename = f'{model_name}.out'\n",
    "    results = []\n",
    "    iteration_pattern = re.compile(r'Iteration\\s+(\\d+)\\s+of\\s+(\\d+)')\n",
    "    final_iteration = False\n",
    "\n",
    "    with open(filename, 'r') as file:\n",
    "        line_type = None\n",
    "\n",
    "        for i, line in enumerate(file):\n",
    "            if not final_iteration:\n",
    "                iteration_match = iteration_pattern.search(line)\n",
    "                if iteration_match:\n",
    "                    n, m = iteration_match.groups()\n",
    "                    if n == m:\n",
    "                        final_iteration = True\n",
    "                continue  # Skip processing until we find the iteration line\n",
    "            # Find all matches of the pattern in the current line\n",
    "            if 'Intrinsic line intensities' in line:\n",
    "                line_type = 'intrinsic'\n",
    "            if 'Emergent line intensities' in line:\n",
    "                line_type = 'emergent'\n",
    "            if target_string in line:\n",
    "                start = line.index(target_string)\n",
    "                remaining = line[start + len(target_string):].strip()\n",
    "                parts = remaining.split()\n",
    "    \n",
    "                if len(parts) >= 2:\n",
    "                    species = target_string.replace(\" \", \"\")  # → \"H1\"\n",
    "                    wavelength = parts[0]\n",
    "                    flux = parts[1]\n",
    "                    flux_norm = parts[2]\n",
    "                    if ((type(try_float(flux_norm)) == float) & (type(try_float(flux)) == float) & (type(try_float(wavelength[:-1])) == float)):\n",
    "                        results.append([species, wavelength, flux, flux_norm, i, line_type])\n",
    "    wavelengths = []\n",
    "    relative_fluxes = []\n",
    "    fluxes = []\n",
    "    types = []\n",
    "    line_index = []\n",
    "    for row in results:\n",
    "        wavelength_str = row[1]\n",
    "        if 'm' in wavelength_str:  # Convert meters to Angstroms\n",
    "            wavelength = float(wavelength_str.replace('m', '')) * 1e-6\n",
    "        elif 'A' in wavelength_str:  # Already in Angstroms\n",
    "            wavelength = float(wavelength_str.replace('A', '')) * 1e-10\n",
    "        else:  # Assume Angstroms if no unit\n",
    "            wavelength = float(wavelength_str)\n",
    "        if ((wavelength > wl_range[0]) & (wavelength < wl_range[1])):\n",
    "                \n",
    "            # Extract relative flux (4th column)\n",
    "            relative_flux = float(row[3])\n",
    "            \n",
    "            wavelengths.append(wavelength)\n",
    "            relative_fluxes.append(relative_flux)\n",
    "            fluxes.append(float(row[2]))\n",
    "            types.append(row[-1])\n",
    "            line_index.append(row[-2])\n",
    "    return {\n",
    "        'wavelength': np.array(wavelengths),\n",
    "        'relative_flux': np.array(relative_fluxes),\n",
    "        'flux': np.array(fluxes),\n",
    "        'type': np.array(types),\n",
    "        'line_index': line_index\n",
    "        }    \n",
    "\n",
    "\n",
    "def print_output_file(model_name):\n",
    "    '''Simply print the output file with the specified model name, returns nothing, used just to view output file.'''\n",
    "    with open(f'{model_name}.out', 'r') as f:\n",
    "        print(f.read())\n",
    "    return None\n",
    "\n",
    "\n",
    "def write_CLOUDY_input_file(model_name):\n",
    "    \"\"\"\n",
    "    Write the CLOUDY input file. Be sure to double check the parameters because this function does not accept any arguments for parameters\n",
    "    \n",
    "    Args:\n",
    "        model_name: type = str - string that will be the input and output filename\n",
    "                        check function script to view what parameters are being assumed.\n",
    "    Returns:\n",
    "        input_file : type = str - string to the input file, can then be used in \"os.system(f'{cloudy_path} -r {input_file}')\"\n",
    "    \"\"\"\n",
    "    \n",
    "    input_file = f\"{model_name}.in\"\n",
    "    \n",
    "    with open(input_file, 'w') as f:\n",
    "        f.write(f'title {model_name}\\n')\n",
    "        f.write(f'Ionization parameter -2\\n')\n",
    "        f.write(f'table SED \"fsps_young.ascii\"\\n')\n",
    "        f.write(f'hden 3\\n')\n",
    "        f.write(f'cmb\\n')\n",
    "        f.write('iterate to convergence\\n') \n",
    "        f.write(f'stop temperature 100 K\\n')  # Stop condition\n",
    "        f.write(f'stop neutral column density 10\\n')\n",
    "        f.write('set temperature floor 2.73\\n')\n",
    "        f.write('set nchrg 2\\n')\n",
    "        f.write('normalize to \"H  1\" 18751.0 angstroms\\n')  # Normalization to paschen alpha\n",
    "        f.write('no level 2 lines\\n') # Case B only\n",
    "        f.write('abundances ism\\n')\n",
    "        f.write('grains ISM abundance scaling 1.5\\n')\n",
    "        f.write('COSMIC RAYS BACKGROUND\\n')\n",
    "        f.write(f'save lines sum, array {model_name} \"H  1\" no extinction\\n')\n",
    "        f.write('save grains extinction \"extinction.dat\"\\n')\n",
    "        #f.write('print line intrinsic\\n')\n",
    "        #f.write('print line vacuum\\n')\n",
    "    return input_file.split('.i')[0]\n",
    "\n",
    "def run_CLOUDY(model_name):\n",
    "    \"\"\"\n",
    "    Runs the CLOUDY model using the input file with the name model_name\n",
    "    \n",
    "    Args:\n",
    "        model_name: type = str - string that will be the input and output filename\n",
    "                        check write_CLOUDY_input_file() function script to view what parameters are being assumed.\n",
    "    Returns:\n",
    "        h1_array: type = structured array - columns for 'wavelength' and 'relative_flux'\n",
    "    \"\"\"\n",
    "    \n",
    "    cloudy_path = \"/d/ret1/Taylor/CLOUDY/c23.01/source/cloudy.exe\"\n",
    "    \n",
    "    cloudy_input_file = write_CLOUDY_input_file(model_name)\n",
    "    print(f'Running CLOUDY model using input file : {cloudy_input_file}.in')\n",
    "    os.system(f'{cloudy_path} -r {cloudy_input_file}')\n",
    "    h1_array = parse_emission_lines(model_name, \"H  1\", [0.96e-6, 28.095e-6])\n",
    "    return h1_array"
   ]
  },
  {
   "cell_type": "code",
   "execution_count": 13,
   "id": "c369e54a-45ce-4cef-acf8-08966e76fc44",
   "metadata": {},
   "outputs": [
    {
     "name": "stdout",
     "output_type": "stream",
     "text": [
      "Running CLOUDY model using input file : young_test3.in\n",
      "                                                          Cloudy 23.01\n",
      "                                                         www.nublado.org\n",
      "\n",
      "                                                  PRNG seed: 0x6b749a2411e4820c\n",
      "\n",
      "                       **************************************23Jul25**************************************\n",
      "                       *                                                                                 *\n",
      "                       * title young test3                                                               *\n",
      "                       * Ionization parameter -2                                                         *\n",
      "                       * table SED \"fsps_young.ascii\"                                                    *\n",
      "                       * hden 3                                                                          *\n",
      "                       * cmb                                                                             *\n",
      "                       * iterate to convergence                                                          *\n",
      "                       * stop temperature 100 K                                                          *\n",
      "                       * stop neutral column density 10                                                  *\n",
      "                       * set temperature floor 2.73                                                      *\n",
      "                       * set nchrg 2                                                                     *\n",
      "                       * normalize to \"H  1\" 18751.0 angstroms                                           *\n",
      "                       * no level 2 lines                                                                *\n",
      "                       * abundances ism                                                                  *\n",
      "                       * #<<< mie_read_opc reading file -- graphite_ism_10.opc                      >>>> *\n",
      "                       * #<<< mie_read_opc reading file -- silicate_ism_10.opc                      >>>> *\n",
      "                       * grains ISM abundance scaling 1.5                                                *\n",
      "                       * #<<< mie_read_opc reading file -- graphite_ism_10.opc                      >>>> *\n",
      " File graphite_ism_10.opc has already been read before, was this intended ?\n",
      "                       * #<<< mie_read_opc reading file -- silicate_ism_10.opc                      >>>> *\n",
      " File silicate_ism_10.opc has already been read before, was this intended ?\n",
      "                       * COSMIC RAYS BACKGROUND                                                          *\n",
      "                       * save lines sum, array young test3 \"H  1\" no extinction                          *\n",
      "                       * save grains extinction \"extinction.dat\"                                         *\n",
      "                       *                                                                                 *\n",
      "                       ***********************************************************************************\n",
      "\n",
      "\n",
      "\n",
      " NOTE Setcon: continuum has zero intensity starting at  1.0016e+01 Ryd.\n",
      "  2666 cells in the incident continuum have zero intensity.  Problems???\n",
      "\n",
      "           9244CellPeak1.00E+00   Lo 3.04e-09=  29.98m   Hi-Con:7.13E+06 Ryd   E(hi):7.35E+06Ryd     E(hi):     100.00 MeV\n",
      "           I(nu>1ryd):   1.3643   Average nu:3.540E+00   I( X-ray):   0.0000   I(BalC):   0.3886     Phi(BalmrC):  11.3158\n",
      "           phi(1.0-1.8):10.9397   phi(1.8-4.0): 11.053   phi(4.0-20): 10.999   phi(20--):  0.000     Ion pht flx:2.998E+11\n",
      "           I(gam ray):   0.0000   phi(gam r):   0.0000   I(Infred):  -0.1041   Alf(ox):   0.0000     Total inten:   1.4211\n",
      "           U(1.0----):1.000E-02   U(4.0----):3.330E-03   T(En-Den):1.847E+01   T(Comp):1.769E+05     nuJnu(912A):3.264E+00\n",
      "           Occ(FarIR):5.668E+03   Occ(H n=6):6.414E-12   Occ(1Ryd):1.506E-16   Occ(4R):2.050E-18     Occ (Nu-hi):0.000E+00\n",
      "           Tbr(FarIR):2.725E+00   Tbr(H n=6):2.809E-08   Tbr(1Ryd):2.378E-11   Tbr(4R):1.297E-12     Tbr (Nu-hi):0.000E+00\n",
      "  \n",
      "                                                  Gas Phase Chemical Composition\n",
      "        H :  0.0000  He: -1.0088  Li:-10.2676  B :-10.0506  C : -3.6003  N : -4.1002  O : -3.4962  F : -7.6990  Ne: -3.9101\n",
      "        Na: -6.5003  Mg: -4.8996  Al: -7.1002  Si: -5.5003  P : -6.7959  S : -4.4895  Cl: -7.0000  Ar: -5.5498  K : -7.9586\n",
      "        Ca: -9.3872  Ti: -9.2366  V :-10.0000  Cr: -8.0000  Mn: -7.6383  Fe: -6.2000  Co: -8.2291  Ni: -7.7399  Cu: -8.8239\n",
      "                                                            Zn: -7.6990\n",
      " \n",
      "                                                    Grain Chemical Composition\n",
      "                                  C : -3.1574  O : -3.4841  Mg: -4.0862  Si: -4.0862  Fe: -4.0862\n",
      "                                                   Sum Atoms Depleted: -30.0000\n",
      "                                                   Depletion/Grains-1: -100.00%\n",
      " \n",
      "              Number of grains per hydrogen (scale=1)                         Mass of grains per hydrogen (scale=1)\n",
      "        Carbonaceous: -9.413  Silicate: -9.350  PAH: -30.000         Carbonaceous: -2.078  Silicate: -1.850  PAH: -30.000\n",
      "\n",
      " ####  1  Te:1.917E+04 Hden:1.000E+03 Ne:1.195E+03 R:1.000E+30 R-R0:1.077E+08 dR:2.154E+08 NTR:  5 Htot:1.163E-17 T912: 2.10e-09###\n",
      " Hydrogen      9.28e-04 9.99e-01 H+o/Hden 1.00e+00 4.04e-11 H-    H2 2.88e-14 1.63e-12 H2+ HeH+ 9.84e-13 Ho+ ColD 2.00e+08 2.15e+11\n",
      " Helium        2.39e-05 2.60e-02 9.74e-01 HeI 2s3S 2.10e-08 Comp H,C 2.50e-24 2.71e-25 Fill Fac 1.00e+00 Gam1/tot 9.93e-01\n",
      " He singlet n  2.38e-05 1.82e-14 3.32e-21 3.83e-21 2.41e-21 3.72e-21 He tripl 2.10e-08 8.20e-19 1.56e-20 7.11e-20 1.33e-20\n",
      " Pressure      NgasTgas 4.40e+07 P(total) 6.07e-09 P( gas ) 6.07e-09 P(Radtn) 0.00e+00 Rad accl 1.93e-06 ForceMul 6.49e+03\n",
      " Texc(La)      3.35e+03 T(I con) 1.85e+01 T(D con) 8.69e-02 T(U tot) 1.85e+01 nT (c+d) 4.48e+06 Prad/Gas 0.00e+00 Pmag/Gas 0.00e+00\n",
      " gra-ism01  *  DustTemp 9.04e+01 Pot Volt 1.25e+00 Chrg (e) 4.14e+00 drf cm/s 8.44e+03 Heating: 1.43e-19 Frac tot 1.23e-02\n",
      " gra-ism02  *  DustTemp 8.81e+01 Pot Volt 1.18e+00 Chrg (e) 6.20e+00 drf cm/s 1.26e+04 Heating: 1.14e-19 Frac tot 9.79e-03\n",
      " gra-ism03  *  DustTemp 8.46e+01 Pot Volt 9.10e-01 Chrg (e) 7.19e+00 drf cm/s 2.38e+04 Heating: 8.68e-20 Frac tot 7.46e-03\n",
      " gra-ism04  *  DustTemp 8.09e+01 Pot Volt 5.91e-01 Chrg (e) 6.86e+00 drf cm/s 4.83e+04 Heating: 6.49e-20 Frac tot 5.58e-03\n",
      " gra-ism05  *  DustTemp 7.70e+01 Pot Volt 2.74e-01 Chrg (e) 4.39e+00 drf cm/s 9.52e+04 Heating: 4.79e-20 Frac tot 4.12e-03\n",
      " gra-ism06  *  DustTemp 7.30e+01 Pot Volt 2.98e-02 Chrg (e)-1.32e-01 drf cm/s 1.33e+05 Heating: 3.49e-20 Frac tot 3.00e-03\n",
      " gra-ism07  *  DustTemp 6.91e+01 Pot Volt-1.88e-01 Chrg (e)-9.11e+00 drf cm/s 1.45e+05 Heating: 2.54e-20 Frac tot 2.19e-03\n",
      " gra-ism08  *  DustTemp 6.50e+01 Pot Volt-3.88e-01 Chrg (e)-2.57e+01 drf cm/s 1.54e+05 Heating: 1.88e-20 Frac tot 1.61e-03\n",
      " gra-ism09  *  DustTemp 6.10e+01 Pot Volt-5.45e-01 Chrg (e)-5.23e+01 drf cm/s 1.62e+05 Heating: 1.40e-20 Frac tot 1.20e-03\n",
      " gra-ism10  *  DustTemp 5.69e+01 Pot Volt-6.63e-01 Chrg (e)-9.33e+01 drf cm/s 1.69e+05 Heating: 1.06e-20 Frac tot 9.11e-04\n",
      " sil-ism01  *  DustTemp 8.53e+01 Pot Volt 2.61e-01 Chrg (e) 7.36e-02 drf cm/s 4.96e+04 Heating: 1.39e-19 Frac tot 1.20e-02\n",
      " sil-ism02  *  DustTemp 8.39e+01 Pot Volt 2.93e-01 Chrg (e) 7.85e-01 drf cm/s 6.47e+04 Heating: 1.16e-19 Frac tot 9.94e-03\n",
      " sil-ism03  *  DustTemp 8.19e+01 Pot Volt 2.50e-01 Chrg (e) 1.25e+00 drf cm/s 8.96e+04 Heating: 9.13e-20 Frac tot 7.85e-03\n",
      " sil-ism04  *  DustTemp 7.93e+01 Pot Volt 1.37e-01 Chrg (e) 8.19e-01 drf cm/s 1.25e+05 Heating: 6.96e-20 Frac tot 5.98e-03\n",
      " sil-ism05  *  DustTemp 7.62e+01 Pot Volt 4.53e-03 Chrg (e)-9.11e-01 drf cm/s 1.54e+05 Heating: 5.13e-20 Frac tot 4.41e-03\n",
      " sil-ism06  *  DustTemp 7.27e+01 Pot Volt-2.60e-01 Chrg (e)-8.58e+00 drf cm/s 1.70e+05 Heating: 3.74e-20 Frac tot 3.21e-03\n",
      " sil-ism07  *  DustTemp 6.89e+01 Pot Volt-5.08e-01 Chrg (e)-2.29e+01 drf cm/s 1.81e+05 Heating: 2.69e-20 Frac tot 2.31e-03\n",
      " sil-ism08  *  DustTemp 6.51e+01 Pot Volt-7.21e-01 Chrg (e)-4.69e+01 drf cm/s 1.88e+05 Heating: 1.94e-20 Frac tot 1.67e-03\n",
      " sil-ism09  *  DustTemp 6.12e+01 Pot Volt-8.89e-01 Chrg (e)-8.47e+01 drf cm/s 1.90e+05 Heating: 1.42e-20 Frac tot 1.22e-03\n",
      " sil-ism10     DustTemp 5.75e+01 Pot Volt-1.01e+00 Chrg (e)-1.42e+02 drf cm/s 1.90e+05 Heating: 1.06e-20 Frac tot 9.09e-04\n",
      " gra-ism01  *  DustTemp 9.04e+01 Pot Volt 1.25e+00 Chrg (e) 4.14e+00 drf cm/s 8.44e+03 Heating: 2.15e-19 Frac tot 1.85e-02\n",
      " gra-ism02  *  DustTemp 8.81e+01 Pot Volt 1.18e+00 Chrg (e) 6.20e+00 drf cm/s 1.26e+04 Heating: 1.71e-19 Frac tot 1.47e-02\n",
      " gra-ism03  *  DustTemp 8.46e+01 Pot Volt 9.10e-01 Chrg (e) 7.19e+00 drf cm/s 2.38e+04 Heating: 1.30e-19 Frac tot 1.12e-02\n",
      " gra-ism04  *  DustTemp 8.09e+01 Pot Volt 5.91e-01 Chrg (e) 6.86e+00 drf cm/s 4.83e+04 Heating: 9.74e-20 Frac tot 8.38e-03\n",
      " gra-ism05  *  DustTemp 7.70e+01 Pot Volt 2.74e-01 Chrg (e) 4.39e+00 drf cm/s 9.52e+04 Heating: 7.18e-20 Frac tot 6.18e-03\n",
      " gra-ism06  *  DustTemp 7.30e+01 Pot Volt 2.98e-02 Chrg (e)-1.32e-01 drf cm/s 1.33e+05 Heating: 5.23e-20 Frac tot 4.50e-03\n",
      " gra-ism07  *  DustTemp 6.91e+01 Pot Volt-1.88e-01 Chrg (e)-9.11e+00 drf cm/s 1.45e+05 Heating: 3.82e-20 Frac tot 3.28e-03\n",
      " gra-ism08  *  DustTemp 6.50e+01 Pot Volt-3.88e-01 Chrg (e)-2.57e+01 drf cm/s 1.54e+05 Heating: 2.81e-20 Frac tot 2.42e-03\n",
      " gra-ism09  *  DustTemp 6.10e+01 Pot Volt-5.45e-01 Chrg (e)-5.23e+01 drf cm/s 1.62e+05 Heating: 2.10e-20 Frac tot 1.81e-03\n",
      " gra-ism10  *  DustTemp 5.69e+01 Pot Volt-6.63e-01 Chrg (e)-9.33e+01 drf cm/s 1.69e+05 Heating: 1.59e-20 Frac tot 1.37e-03\n",
      " sil-ism01  *  DustTemp 8.53e+01 Pot Volt 2.61e-01 Chrg (e) 7.36e-02 drf cm/s 4.96e+04 Heating: 2.09e-19 Frac tot 1.80e-02\n",
      " sil-ism02  *  DustTemp 8.39e+01 Pot Volt 2.93e-01 Chrg (e) 7.85e-01 drf cm/s 6.47e+04 Heating: 1.73e-19 Frac tot 1.49e-02\n",
      " sil-ism03  *  DustTemp 8.19e+01 Pot Volt 2.50e-01 Chrg (e) 1.25e+00 drf cm/s 8.96e+04 Heating: 1.37e-19 Frac tot 1.18e-02\n",
      " sil-ism04  *  DustTemp 7.93e+01 Pot Volt 1.37e-01 Chrg (e) 8.19e-01 drf cm/s 1.25e+05 Heating: 1.04e-19 Frac tot 8.97e-03\n",
      " sil-ism05  *  DustTemp 7.62e+01 Pot Volt 4.53e-03 Chrg (e)-9.11e-01 drf cm/s 1.54e+05 Heating: 7.70e-20 Frac tot 6.62e-03\n",
      " sil-ism06  *  DustTemp 7.27e+01 Pot Volt-2.60e-01 Chrg (e)-8.58e+00 drf cm/s 1.70e+05 Heating: 5.60e-20 Frac tot 4.82e-03\n",
      " sil-ism07  *  DustTemp 6.89e+01 Pot Volt-5.08e-01 Chrg (e)-2.29e+01 drf cm/s 1.81e+05 Heating: 4.03e-20 Frac tot 3.47e-03\n",
      " sil-ism08  *  DustTemp 6.51e+01 Pot Volt-7.21e-01 Chrg (e)-4.69e+01 drf cm/s 1.88e+05 Heating: 2.91e-20 Frac tot 2.50e-03\n",
      " sil-ism09  *  DustTemp 6.12e+01 Pot Volt-8.89e-01 Chrg (e)-8.47e+01 drf cm/s 1.90e+05 Heating: 2.12e-20 Frac tot 1.83e-03\n",
      " sil-ism10     DustTemp 5.75e+01 Pot Volt-1.01e+00 Chrg (e)-1.42e+02 drf cm/s 1.90e+05 Heating: 1.58e-20 Frac tot 1.36e-03\n",
      " Molecules     CH/Ctot: 7.15e-17 CH+/Ctot 4.29e-16 CO/Ctot: 1.51e-23 CO+/Ctot 2.66e-23 H2O/Otot 6.57e-30 OH/Ototl 1.19e-17\n",
      " Lithium       2.94e-06 2.89e-02 4.28e-01 5.43e-01 Berylliu 0.00e+00 0.00e+00 0.00e+00 0.00e+00 0.00e+00 sec ion: 9.64e-14\n",
      " Boron         1.24e-05 6.60e-03 4.48e-02 9.49e-01 7.50e-06 0.00e+00\n",
      " Carbon        2.01e-06 8.51e-04 6.09e-02 2.13e-01 7.25e-01 3.18e-06 0.00e+00 H2O+/O   1.12e-30 OH+/Otot 5.63e-18 Hex(tot) 0.00e+00\n",
      " Nitrogen      1.61e-06 3.06e-04 5.05e-02 3.37e-01 3.99e-01 2.13e-01 6.73e-07 0.00e+00 O2/Ototl 8.39e-26 O2+/Otot 2.42e-26\n",
      " Oxygen        6.88e-07 9.90e-05 2.09e-02 3.23e-01 5.07e-01 1.49e-01 5.08e-07 0.00e+00 0.00e+00\n",
      " Fluorine      1.31e-06 5.10e-05 1.33e-02 2.02e-01 6.59e-01 1.26e-01 0.00e+00 0.00e+00 0.00e+00 0.00e+00\n",
      " Neon          1.44e-06 2.40e-05 1.24e-02 2.19e-01 6.59e-01 1.09e-01 0.00e+00 0.00e+00 0.00e+00 0.00e+00 0.00e+00\n",
      " Sodium        1.72e-07 9.04e-06 4.78e-03 1.71e-01 8.24e-01 8.31e-07 0.00e+00 0.00e+00 0.00e+00 0.00e+00 0.00e+00 0.00e+00\n",
      " Magnesium     7.22e-07 1.14e-05 7.94e-03 2.00e-01 7.92e-01 1.49e-06 0.00e+00 0.00e+00 0.00e+00 0.00e+00 0.00e+00 0.00e+00 0.00e+00\n",
      " Aluminium  0  2.92e-07 1.02e-04 1.03e-03 1.33e-01 8.65e-01 3.16e-06 0.00e+00 0.00e+00 0.00e+00 0.00e+00 0.00e+00 0.00e+00 0.00e+00\n",
      " Silicon    0  1.59e-06 9.66e-04 2.69e-02 1.24e-01 8.48e-01 3.94e-06 0.00e+00 0.00e+00 0.00e+00 0.00e+00 0.00e+00 0.00e+00 0.00e+00\n",
      " Phosphorus 0  2.55e-06 6.36e-03 9.25e-02 2.81e-01 3.08e-01 3.12e-01 8.56e-07 0.00e+00 0.00e+00 0.00e+00 0.00e+00 0.00e+00 0.00e+00\n",
      " Sulphur    0  5.92e-07 1.25e-03 8.34e-02 4.00e-01 3.11e-01 1.58e-01 4.70e-02 0.00e+00 0.00e+00 0.00e+00 0.00e+00 0.00e+00 0.00e+00\n",
      " Chlorine   0  4.06e-07 6.38e-04 4.52e-02 3.46e-01 4.27e-01 1.56e-01 2.29e-02 1.86e-03 0.00e+00 0.00e+00 0.00e+00 0.00e+00 0.00e+00\n",
      " Argon      0  4.66e-07 1.35e-04 5.94e-02 2.73e-01 4.49e-01 2.06e-01 1.26e-02 3.81e-04 0.00e+00 0.00e+00 0.00e+00 0.00e+00 0.00e+00\n",
      " Potassium  0  4.70e-08 3.75e-04 3.54e-02 3.24e-01 4.53e-01 1.74e-01 1.24e-02 1.66e-04 0.00e+00 0.00e+00 0.00e+00 0.00e+00 0.00e+00\n",
      " Calcium    0  2.34e-07 4.41e-05 1.17e-02 1.81e-01 5.53e-01 2.41e-01 1.31e-02 1.55e-04 0.00e+00 0.00e+00 0.00e+00 0.00e+00 0.00e+00\n",
      " Titanium   0  1.15e-07 7.93e-06 1.66e-03 1.36e-01 4.20e-01 3.86e-01 5.61e-02 0.00e+00 0.00e+00 0.00e+00 0.00e+00 0.00e+00 0.00e+00\n",
      " Vanadium   0  1.57e-07 1.24e-06 2.35e-04 1.08e-02 1.92e-01 7.43e-01 5.39e-02 0.00e+00 0.00e+00 0.00e+00 0.00e+00 0.00e+00 0.00e+00\n",
      " Chromium   0  1.80e-07 7.58e-07 1.99e-04 8.18e-03 1.31e-01 5.33e-01 3.28e-01 2.73e-07 0.00e+00 0.00e+00 0.00e+00 0.00e+00 0.00e+00\n",
      " Manganese  0  1.50e-07 1.20e-06 1.45e-04 5.85e-03 1.22e-01 5.30e-01 3.33e-01 8.81e-03 0.00e+00 0.00e+00 0.00e+00 0.00e+00 0.00e+00\n",
      " Iron       0  1.57e-07 7.65e-07 2.74e-05 2.66e-03 5.48e-02 3.32e-01 5.63e-01 4.77e-02 0.00e+00 0.00e+00 0.00e+00 0.00e+00 0.00e+00\n",
      " Cobalt     0  3.20e-07 7.31e-07 2.08e-05 1.86e-03 6.45e-02 4.22e-01 4.55e-01 5.69e-02 0.00e+00 0.00e+00 0.00e+00 0.00e+00 0.00e+00\n",
      " Nickel     0  1.61e-07 7.67e-07 2.34e-05 1.46e-03 4.67e-02 4.33e-01 4.73e-01 4.51e-02 0.00e+00 0.00e+00 0.00e+00 0.00e+00 0.00e+00\n",
      " Copper     0  2.69e-07 7.44e-07 2.43e-05 1.57e-03 3.70e-02 3.51e-01 6.10e-01 6.46e-07 0.00e+00 0.00e+00 0.00e+00 0.00e+00 0.00e+00\n",
      " Zinc       0  7.84e-07 1.02e-06 7.70e-06 9.61e-04 3.71e-02 3.51e-01 5.62e-01 4.92e-02 0.00e+00 0.00e+00 0.00e+00 0.00e+00 0.00e+00\n",
      " #### 33  Te:1.917E+04 Hden:1.000E+03 Ne:1.196E+03 R:1.000E+30 R-R0:1.072E+10 dR:9.131E+07 NTR:  7 Htot:1.163E-17 T912: 1.05e-07###\n",
      " Hydrogen      9.28e-04 9.99e-01 H+o/Hden 1.00e+00 4.04e-11 H-    H2 2.88e-14 1.63e-12 H2+ HeH+ 9.84e-13 Ho+ ColD 1.00e+10 1.08e+13\n",
      " Helium        2.39e-05 2.61e-02 9.74e-01 HeI 2s3S 2.10e-08 Comp H,C 2.50e-24 2.71e-25 Fill Fac 1.00e+00 Gam1/tot 9.93e-01\n",
      " He singlet n  2.39e-05 1.82e-14 3.32e-21 3.83e-21 2.41e-21 3.72e-21 He tripl 2.10e-08 8.21e-19 1.56e-20 7.11e-20 1.33e-20\n",
      " Pressure      NgasTgas 4.40e+07 P(total) 6.07e-09 P( gas ) 6.07e-09 P(Radtn) 0.00e+00 Rad accl 1.93e-06 ForceMul 6.49e+03\n",
      " Texc(La)      3.35e+03 T(I con) 1.85e+01 T(D con) 2.31e-01 T(U tot) 1.85e+01 nT (c+d) 4.52e+06 Prad/Gas 0.00e+00 Pmag/Gas 0.00e+00\n",
      " gra-ism01  *  DustTemp 9.04e+01 Pot Volt 1.25e+00 Chrg (e) 4.14e+00 drf cm/s 8.45e+03 Heating: 1.43e-19 Frac tot 1.23e-02\n",
      " gra-ism02  *  DustTemp 8.81e+01 Pot Volt 1.18e+00 Chrg (e) 6.20e+00 drf cm/s 1.26e+04 Heating: 1.14e-19 Frac tot 9.79e-03\n",
      " gra-ism03  *  DustTemp 8.46e+01 Pot Volt 9.09e-01 Chrg (e) 7.19e+00 drf cm/s 2.38e+04 Heating: 8.68e-20 Frac tot 7.46e-03\n",
      " gra-ism04  *  DustTemp 8.09e+01 Pot Volt 5.90e-01 Chrg (e) 6.85e+00 drf cm/s 4.84e+04 Heating: 6.49e-20 Frac tot 5.58e-03\n",
      " gra-ism05  *  DustTemp 7.70e+01 Pot Volt 2.73e-01 Chrg (e) 4.38e+00 drf cm/s 9.53e+04 Heating: 4.79e-20 Frac tot 4.12e-03\n",
      " gra-ism06  *  DustTemp 7.30e+01 Pot Volt 2.96e-02 Chrg (e)-1.38e-01 drf cm/s 1.33e+05 Heating: 3.49e-20 Frac tot 3.00e-03\n",
      " gra-ism07  *  DustTemp 6.91e+01 Pot Volt-1.89e-01 Chrg (e)-9.13e+00 drf cm/s 1.45e+05 Heating: 2.54e-20 Frac tot 2.19e-03\n",
      " gra-ism08  *  DustTemp 6.50e+01 Pot Volt-3.89e-01 Chrg (e)-2.57e+01 drf cm/s 1.54e+05 Heating: 1.88e-20 Frac tot 1.61e-03\n",
      " gra-ism09  *  DustTemp 6.10e+01 Pot Volt-5.45e-01 Chrg (e)-5.23e+01 drf cm/s 1.62e+05 Heating: 1.40e-20 Frac tot 1.20e-03\n",
      " gra-ism10  *  DustTemp 5.69e+01 Pot Volt-6.64e-01 Chrg (e)-9.34e+01 drf cm/s 1.69e+05 Heating: 1.06e-20 Frac tot 9.11e-04\n",
      " sil-ism01  *  DustTemp 8.53e+01 Pot Volt 2.60e-01 Chrg (e) 7.21e-02 drf cm/s 4.97e+04 Heating: 1.39e-19 Frac tot 1.20e-02\n",
      " sil-ism02  *  DustTemp 8.39e+01 Pot Volt 2.93e-01 Chrg (e) 7.83e-01 drf cm/s 6.47e+04 Heating: 1.16e-19 Frac tot 9.94e-03\n",
      " sil-ism03  *  DustTemp 8.19e+01 Pot Volt 2.50e-01 Chrg (e) 1.25e+00 drf cm/s 8.96e+04 Heating: 9.13e-20 Frac tot 7.85e-03\n",
      " sil-ism04  *  DustTemp 7.93e+01 Pot Volt 1.36e-01 Chrg (e) 8.16e-01 drf cm/s 1.25e+05 Heating: 6.96e-20 Frac tot 5.98e-03\n",
      " sil-ism05  *  DustTemp 7.62e+01 Pot Volt 4.32e-03 Chrg (e)-9.15e-01 drf cm/s 1.54e+05 Heating: 5.13e-20 Frac tot 4.41e-03\n",
      " sil-ism06  *  DustTemp 7.27e+01 Pot Volt-2.61e-01 Chrg (e)-8.59e+00 drf cm/s 1.70e+05 Heating: 3.74e-20 Frac tot 3.21e-03\n",
      " sil-ism07  *  DustTemp 6.89e+01 Pot Volt-5.08e-01 Chrg (e)-2.29e+01 drf cm/s 1.81e+05 Heating: 2.69e-20 Frac tot 2.31e-03\n",
      " sil-ism08  *  DustTemp 6.51e+01 Pot Volt-7.21e-01 Chrg (e)-4.69e+01 drf cm/s 1.88e+05 Heating: 1.94e-20 Frac tot 1.67e-03\n",
      " sil-ism09  *  DustTemp 6.12e+01 Pot Volt-8.89e-01 Chrg (e)-8.47e+01 drf cm/s 1.90e+05 Heating: 1.42e-20 Frac tot 1.22e-03\n",
      " sil-ism10     DustTemp 5.75e+01 Pot Volt-1.01e+00 Chrg (e)-1.42e+02 drf cm/s 1.90e+05 Heating: 1.06e-20 Frac tot 9.09e-04\n",
      " gra-ism01  *  DustTemp 9.04e+01 Pot Volt 1.25e+00 Chrg (e) 4.14e+00 drf cm/s 8.45e+03 Heating: 2.15e-19 Frac tot 1.85e-02\n",
      " gra-ism02  *  DustTemp 8.81e+01 Pot Volt 1.18e+00 Chrg (e) 6.20e+00 drf cm/s 1.26e+04 Heating: 1.71e-19 Frac tot 1.47e-02\n",
      " gra-ism03  *  DustTemp 8.46e+01 Pot Volt 9.09e-01 Chrg (e) 7.19e+00 drf cm/s 2.38e+04 Heating: 1.30e-19 Frac tot 1.12e-02\n",
      " gra-ism04  *  DustTemp 8.09e+01 Pot Volt 5.90e-01 Chrg (e) 6.85e+00 drf cm/s 4.84e+04 Heating: 9.74e-20 Frac tot 8.37e-03\n",
      " gra-ism05  *  DustTemp 7.70e+01 Pot Volt 2.73e-01 Chrg (e) 4.38e+00 drf cm/s 9.53e+04 Heating: 7.18e-20 Frac tot 6.17e-03\n",
      " gra-ism06  *  DustTemp 7.30e+01 Pot Volt 2.96e-02 Chrg (e)-1.38e-01 drf cm/s 1.33e+05 Heating: 5.23e-20 Frac tot 4.50e-03\n",
      " gra-ism07  *  DustTemp 6.91e+01 Pot Volt-1.89e-01 Chrg (e)-9.13e+00 drf cm/s 1.45e+05 Heating: 3.82e-20 Frac tot 3.28e-03\n",
      " gra-ism08  *  DustTemp 6.50e+01 Pot Volt-3.89e-01 Chrg (e)-2.57e+01 drf cm/s 1.54e+05 Heating: 2.82e-20 Frac tot 2.42e-03\n",
      " gra-ism09  *  DustTemp 6.10e+01 Pot Volt-5.45e-01 Chrg (e)-5.23e+01 drf cm/s 1.62e+05 Heating: 2.10e-20 Frac tot 1.81e-03\n",
      " gra-ism10  *  DustTemp 5.69e+01 Pot Volt-6.64e-01 Chrg (e)-9.34e+01 drf cm/s 1.69e+05 Heating: 1.59e-20 Frac tot 1.37e-03\n",
      " sil-ism01  *  DustTemp 8.53e+01 Pot Volt 2.60e-01 Chrg (e) 7.21e-02 drf cm/s 4.97e+04 Heating: 2.09e-19 Frac tot 1.80e-02\n",
      " sil-ism02  *  DustTemp 8.39e+01 Pot Volt 2.93e-01 Chrg (e) 7.83e-01 drf cm/s 6.47e+04 Heating: 1.73e-19 Frac tot 1.49e-02\n",
      " sil-ism03  *  DustTemp 8.19e+01 Pot Volt 2.50e-01 Chrg (e) 1.25e+00 drf cm/s 8.96e+04 Heating: 1.37e-19 Frac tot 1.18e-02\n",
      " sil-ism04  *  DustTemp 7.93e+01 Pot Volt 1.36e-01 Chrg (e) 8.16e-01 drf cm/s 1.25e+05 Heating: 1.04e-19 Frac tot 8.97e-03\n",
      " sil-ism05  *  DustTemp 7.62e+01 Pot Volt 4.32e-03 Chrg (e)-9.15e-01 drf cm/s 1.54e+05 Heating: 7.70e-20 Frac tot 6.62e-03\n",
      " sil-ism06  *  DustTemp 7.27e+01 Pot Volt-2.61e-01 Chrg (e)-8.59e+00 drf cm/s 1.70e+05 Heating: 5.60e-20 Frac tot 4.82e-03\n",
      " sil-ism07  *  DustTemp 6.89e+01 Pot Volt-5.08e-01 Chrg (e)-2.29e+01 drf cm/s 1.81e+05 Heating: 4.03e-20 Frac tot 3.47e-03\n",
      " sil-ism08  *  DustTemp 6.51e+01 Pot Volt-7.21e-01 Chrg (e)-4.69e+01 drf cm/s 1.88e+05 Heating: 2.91e-20 Frac tot 2.50e-03\n",
      " sil-ism09  *  DustTemp 6.12e+01 Pot Volt-8.89e-01 Chrg (e)-8.47e+01 drf cm/s 1.90e+05 Heating: 2.12e-20 Frac tot 1.83e-03\n",
      " sil-ism10     DustTemp 5.75e+01 Pot Volt-1.01e+00 Chrg (e)-1.42e+02 drf cm/s 1.90e+05 Heating: 1.58e-20 Frac tot 1.36e-03\n",
      " Molecules     CH/Ctot: 7.15e-17 CH+/Ctot 4.30e-16 CO/Ctot: 1.51e-23 CO+/Ctot 2.66e-23 H2O/Otot 6.58e-30 OH/Ototl 1.19e-17\n",
      " Lithium       2.94e-06 2.89e-02 4.28e-01 5.43e-01 Berylliu 0.00e+00 0.00e+00 0.00e+00 0.00e+00 0.00e+00 sec ion: 9.22e-14\n",
      " Boron         1.24e-05 6.60e-03 4.48e-02 9.49e-01 7.16e-06 0.00e+00\n",
      " Carbon        2.01e-06 8.52e-04 6.10e-02 2.13e-01 7.25e-01 3.04e-06 0.00e+00 H2O+/O   1.12e-30 OH+/Otot 5.63e-18 Hex(tot) 0.00e+00\n",
      " Nitrogen      1.67e-06 3.06e-04 5.05e-02 3.37e-01 3.99e-01 2.13e-01 6.43e-07 0.00e+00 O2/Ototl 8.40e-26 O2+/Otot 2.42e-26\n",
      " Oxygen        6.89e-07 9.91e-05 2.09e-02 3.23e-01 5.07e-01 1.49e-01 4.85e-07 0.00e+00 0.00e+00\n",
      " Fluorine      1.31e-06 5.10e-05 1.33e-02 2.02e-01 6.59e-01 1.26e-01 0.00e+00 0.00e+00 0.00e+00 0.00e+00\n",
      " Neon          1.44e-06 2.40e-05 1.24e-02 2.19e-01 6.59e-01 1.09e-01 0.00e+00 0.00e+00 0.00e+00 0.00e+00 0.00e+00\n",
      " Sodium        1.72e-07 9.05e-06 4.78e-03 1.72e-01 8.24e-01 7.94e-07 0.00e+00 0.00e+00 0.00e+00 0.00e+00 0.00e+00 0.00e+00\n",
      " Magnesium     7.22e-07 1.14e-05 7.94e-03 2.00e-01 7.92e-01 1.43e-06 0.00e+00 0.00e+00 0.00e+00 0.00e+00 0.00e+00 0.00e+00 0.00e+00\n",
      " Aluminium  0  2.92e-07 1.02e-04 1.03e-03 1.33e-01 8.65e-01 3.02e-06 0.00e+00 0.00e+00 0.00e+00 0.00e+00 0.00e+00 0.00e+00 0.00e+00\n",
      " Silicon    0  1.59e-06 9.67e-04 2.69e-02 1.24e-01 8.48e-01 3.76e-06 0.00e+00 0.00e+00 0.00e+00 0.00e+00 0.00e+00 0.00e+00 0.00e+00\n",
      " Phosphorus 0  2.55e-06 6.37e-03 9.25e-02 2.81e-01 3.08e-01 3.12e-01 8.18e-07 0.00e+00 0.00e+00 0.00e+00 0.00e+00 0.00e+00 0.00e+00\n",
      " Sulphur    0  5.92e-07 1.25e-03 8.34e-02 4.00e-01 3.11e-01 1.58e-01 4.70e-02 0.00e+00 0.00e+00 0.00e+00 0.00e+00 0.00e+00 0.00e+00\n",
      " Chlorine   0  4.06e-07 6.38e-04 4.53e-02 3.46e-01 4.27e-01 1.56e-01 2.29e-02 1.85e-03 0.00e+00 0.00e+00 0.00e+00 0.00e+00 0.00e+00\n",
      " Argon      0  4.66e-07 1.35e-04 5.94e-02 2.73e-01 4.49e-01 2.06e-01 1.26e-02 3.80e-04 0.00e+00 0.00e+00 0.00e+00 0.00e+00 0.00e+00\n",
      " Potassium  0  4.70e-08 3.76e-04 3.54e-02 3.24e-01 4.53e-01 1.74e-01 1.24e-02 1.66e-04 0.00e+00 0.00e+00 0.00e+00 0.00e+00 0.00e+00\n",
      " Calcium    0  2.34e-07 4.41e-05 1.17e-02 1.81e-01 5.53e-01 2.41e-01 1.31e-02 1.55e-04 0.00e+00 0.00e+00 0.00e+00 0.00e+00 0.00e+00\n",
      " Titanium   0  1.15e-07 7.94e-06 1.66e-03 1.36e-01 4.20e-01 3.86e-01 5.60e-02 0.00e+00 0.00e+00 0.00e+00 0.00e+00 0.00e+00 0.00e+00\n",
      " Vanadium   0  1.57e-07 1.24e-06 2.35e-04 1.08e-02 1.92e-01 7.43e-01 5.39e-02 0.00e+00 0.00e+00 0.00e+00 0.00e+00 0.00e+00 0.00e+00\n",
      " Chromium   0  1.80e-07 7.58e-07 1.99e-04 8.18e-03 1.31e-01 5.33e-01 3.28e-01 2.60e-07 0.00e+00 0.00e+00 0.00e+00 0.00e+00 0.00e+00\n",
      " Manganese  0  1.50e-07 1.20e-06 1.45e-04 5.85e-03 1.22e-01 5.30e-01 3.33e-01 8.80e-03 0.00e+00 0.00e+00 0.00e+00 0.00e+00 0.00e+00\n",
      " Iron       0  1.57e-07 7.65e-07 2.74e-05 2.66e-03 5.49e-02 3.32e-01 5.63e-01 4.77e-02 0.00e+00 0.00e+00 0.00e+00 0.00e+00 0.00e+00\n",
      " Cobalt     0  3.20e-07 7.32e-07 2.08e-05 1.86e-03 6.45e-02 4.22e-01 4.55e-01 5.68e-02 0.00e+00 0.00e+00 0.00e+00 0.00e+00 0.00e+00\n",
      " Nickel     0  1.61e-07 7.67e-07 2.34e-05 1.47e-03 4.67e-02 4.33e-01 4.73e-01 4.51e-02 0.00e+00 0.00e+00 0.00e+00 0.00e+00 0.00e+00\n",
      " Copper     0  2.70e-07 7.44e-07 2.43e-05 1.57e-03 3.71e-02 3.51e-01 6.10e-01 6.17e-07 0.00e+00 0.00e+00 0.00e+00 0.00e+00 0.00e+00\n",
      " Zinc       0  7.84e-07 1.02e-06 7.71e-06 9.62e-04 3.71e-02 3.51e-01 5.62e-01 4.91e-02 0.00e+00 0.00e+00 0.00e+00 0.00e+00 0.00e+00\n",
      "   young test3  \n",
      "   Calculation stopped because H0 column dens reached. Iteration 1 of 10\n",
      "   The geometry is plane-parallel.\n",
      "  !Some input lines contained underscores, these were changed to spaces.\n",
      "  !Continuum zero at some energies.\n",
      "  !AGE: Cloud age was not set.  Longest timescale was 5.73e+09 s = 1.81e+02 years.\n",
      "  !The level2 lines are disabled.  UV pumping of excited levels within ground terms is not treated.\n",
      "  !Isotropic continuum subtraction significantly affects line intensities\n",
      "   Thermal collisional ionization of H reached 0.67% of the local ionization rate.\n",
      "   Charge transfer H => H+ reached 1.05% of the local H ionization rate.\n",
      "   Destruction of He 2TriS reached 1.5% of the total He0 dest rate at zone 1, 0.1% of that was photoionization.\n",
      "   The density is too low to l-mix the lowest H  I collapsed level.  More resolved levels are needed for accurate line ratios.\n",
      "   The density is too low to l-mix the lowest He I collapsed level.  More resolved levels are needed for accurate line ratios.\n",
      "   The largest continuum occupation number was 5.668e+03 at 3.045e-09 Ryd.\n",
      "   Local grain-gas photoelectric heating rate reached  24.4% of the total.\n",
      "   Global grain photoelectric heating of gas was 24.4% of the total.\n",
      "   Local grain-gas cooling of gas rate reached   8.8% of the total.\n",
      "\f",
      "\n",
      "                       *********************************> Cloudy 23.01 <**********************************\n",
      "                       * title young test3                                                               *\n",
      "                       * Ionization parameter -2                                                         *\n",
      "                       * table SED \"fsps_young.ascii\"                                                    *\n",
      "                       * hden 3                                                                          *\n",
      "                       * cmb                                                                             *\n",
      "                       * iterate to convergence                                                          *\n",
      "                       * stop temperature 100 K                                                          *\n",
      "                       * stop neutral column density 10                                                  *\n",
      "                       * set temperature floor 2.73                                                      *\n",
      "                       * set nchrg 2                                                                     *\n",
      "                       * normalize to \"H  1\" 18751.0 angstroms                                           *\n",
      "                       * no level 2 lines                                                                *\n",
      "                       * abundances ism                                                                  *\n",
      "                       * grains ISM abundance scaling 1.5                                                *\n",
      "                       * COSMIC RAYS BACKGROUND                                                          *\n",
      "                       * save lines sum, array young test3 \"H  1\" no extinction                          *\n",
      "                       * save grains extinction \"extinction.dat\"                                         *\n",
      "                       *********************************> Log(U): -2.00 <*********************************\n",
      "\n",
      "                     Emission Line Spectrum.   Constant  Density Model.    Open geometry.  Iteration 1 of 10.\n",
      "                                                     Intensity (erg/s/cm^2).\n",
      "\n",
      "\n",
      "                                                   Intrinsic line intensities\n",
      "general properties.............................      H  1                1.81741m  -11.019    0.0388      N  4                387.356A  -11.793    0.0065\n",
      "Inci                      0     1.421 *********      H  1                1.73621m  -11.156    0.0283      N  4                463.736A  -10.018    0.3888\n",
      "TotH                      0    -6.902  507.8764      H  1                1.68065m  -11.244    0.0231      N  4                591.180A  -11.357    0.0178\n",
      "TotC                      0    -6.902  507.8792      H  1                1.64072m  -11.349    0.0182      N  5                162.556A   -9.609    0.9984\n",
      "BFH1                      0    -7.438  148.0769      H  1                1.61093m  -11.444    0.0146      N  5                162.564A   -9.910    0.4992\n",
      "BFHe                      0    -7.302  202.3874      H  1                1.58805m  -11.530    0.0120      N  5                209.274A   -8.918    4.8970\n",
      "TotM                      0    -8.114   31.1980      H  1                1.57007m  -11.607    0.0100      N  5                209.308A   -9.219    2.4482\n",
      "CT H                      0    -9.305    2.0095      H  1                1.55565m  -11.677    0.0085      N  5                247.561A  -11.376    0.0170\n",
      "H FB                      0    -8.177   26.9894      H  1                1.54389m  -11.740    0.0074      N  5                247.706A  -11.121    0.0307\n",
      "HFBc                      0    -8.177   26.9894      H  1                1.53418m  -11.797    0.0065      N  5                247.719A  -12.076    0.0034\n",
      "H  1c                     0    -7.851   57.1331      H  1                1.52605m  -11.847    0.0058      N  5                266.196A  -10.709    0.0793\n",
      "He 1c                     0   -10.831    0.0598      H  1                1.51919m  -11.889    0.0052      N  5                266.379A  -10.409    0.1583\n",
