                                                          Cloudy 23.01
                                                         www.nublado.org

                                                  PRNG seed: 0x6b749a2411e4820c

                       **************************************23Jul25**************************************
                       *                                                                                 *
                       * title young test3                                                               *
                       * Ionization parameter -2                                                         *
                       * table SED "fsps_young.ascii"                                                    *
                       * hden 3                                                                          *
                       * cmb                                                                             *
                       * iterate to convergence                                                          *
                       * stop temperature 100 K                                                          *
                       * stop neutral column density 10                                                  *
                       * set temperature floor 2.73                                                      *
                       * set nchrg 2                                                                     *
                       * normalize to "H  1" 18751.0 angstroms                                           *
                       * no level 2 lines                                                                *
                       * abundances ism                                                                  *
                       * #<<< mie_read_opc reading file -- graphite_ism_10.opc                      >>>> *
                       * #<<< mie_read_opc reading file -- silicate_ism_10.opc                      >>>> *
                       * grains ISM abundance scaling 1.5                                                *
                       * #<<< mie_read_opc reading file -- graphite_ism_10.opc                      >>>> *
 File graphite_ism_10.opc has already been read before, was this intended ?
                       * #<<< mie_read_opc reading file -- silicate_ism_10.opc                      >>>> *
 File silicate_ism_10.opc has already been read before, was this intended ?
                       * COSMIC RAYS BACKGROUND                                                          *
                       * save lines sum, array young test3 "H  1" no extinction                          *
                       * save grains extinction "extinction.dat"                                         *
                       *                                                                                 *
                       ***********************************************************************************



 NOTE Setcon: continuum has zero intensity starting at  1.0016e+01 Ryd.
  2666 cells in the incident continuum have zero intensity.  Problems???

           9244CellPeak1.00E+00   Lo 3.04e-09=  29.98m   Hi-Con:7.13E+06 Ryd   E(hi):7.35E+06Ryd     E(hi):     100.00 MeV
           I(nu>1ryd):   1.3643   Average nu:3.540E+00   I( X-ray):   0.0000   I(BalC):   0.3886     Phi(BalmrC):  11.3158
           phi(1.0-1.8):10.9397   phi(1.8-4.0): 11.053   phi(4.0-20): 10.999   phi(20--):  0.000     Ion pht flx:2.998E+11
           I(gam ray):   0.0000   phi(gam r):   0.0000   I(Infred):  -0.1041   Alf(ox):   0.0000     Total inten:   1.4211
           U(1.0----):1.000E-02   U(4.0----):3.330E-03   T(En-Den):1.847E+01   T(Comp):1.769E+05     nuJnu(912A):3.264E+00
           Occ(FarIR):5.668E+03   Occ(H n=6):6.414E-12   Occ(1Ryd):1.506E-16   Occ(4R):2.050E-18     Occ (Nu-hi):0.000E+00
           Tbr(FarIR):2.725E+00   Tbr(H n=6):2.809E-08   Tbr(1Ryd):2.378E-11   Tbr(4R):1.297E-12     Tbr (Nu-hi):0.000E+00
  
                                                  Gas Phase Chemical Composition
        H :  0.0000  He: -1.0088  Li:-10.2676  B :-10.0506  C : -3.6003  N : -4.1002  O : -3.4962  F : -7.6990  Ne: -3.9101
        Na: -6.5003  Mg: -4.8996  Al: -7.1002  Si: -5.5003  P : -6.7959  S : -4.4895  Cl: -7.0000  Ar: -5.5498  K : -7.9586
        Ca: -9.3872  Ti: -9.2366  V :-10.0000  Cr: -8.0000  Mn: -7.6383  Fe: -6.2000  Co: -8.2291  Ni: -7.7399  Cu: -8.8239
                                                            Zn: -7.6990
 
                                                    Grain Chemical Composition
                                  C : -3.1574  O : -3.4841  Mg: -4.0862  Si: -4.0862  Fe: -4.0862
                                                   Sum Atoms Depleted: -30.0000
                                                   Depletion/Grains-1: -100.00%
 
              Number of grains per hydrogen (scale=1)                         Mass of grains per hydrogen (scale=1)
        Carbonaceous: -9.413  Silicate: -9.350  PAH: -30.000         Carbonaceous: -2.078  Silicate: -1.850  PAH: -30.000

 ####  1  Te:1.917E+04 Hden:1.000E+03 Ne:1.195E+03 R:1.000E+30 R-R0:1.077E+08 dR:2.154E+08 NTR:  5 Htot:1.163E-17 T912: 2.10e-09###
 Hydrogen      9.28e-04 9.99e-01 H+o/Hden 1.00e+00 4.04e-11 H-    H2 2.88e-14 1.63e-12 H2+ HeH+ 9.84e-13 Ho+ ColD 2.00e+08 2.15e+11
 Helium        2.39e-05 2.60e-02 9.74e-01 HeI 2s3S 2.10e-08 Comp H,C 2.50e-24 2.71e-25 Fill Fac 1.00e+00 Gam1/tot 9.93e-01
 He singlet n  2.38e-05 1.82e-14 3.32e-21 3.83e-21 2.41e-21 3.72e-21 He tripl 2.10e-08 8.20e-19 1.56e-20 7.11e-20 1.33e-20
 Pressure      NgasTgas 4.40e+07 P(total) 6.07e-09 P( gas ) 6.07e-09 P(Radtn) 0.00e+00 Rad accl 1.93e-06 ForceMul 6.49e+03
 Texc(La)      3.35e+03 T(I con) 1.85e+01 T(D con) 8.69e-02 T(U tot) 1.85e+01 nT (c+d) 4.48e+06 Prad/Gas 0.00e+00 Pmag/Gas 0.00e+00
 gra-ism01  *  DustTemp 9.04e+01 Pot Volt 1.25e+00 Chrg (e) 4.14e+00 drf cm/s 8.44e+03 Heating: 1.43e-19 Frac tot 1.23e-02
 gra-ism02  *  DustTemp 8.81e+01 Pot Volt 1.18e+00 Chrg (e) 6.20e+00 drf cm/s 1.26e+04 Heating: 1.14e-19 Frac tot 9.79e-03
 gra-ism03  *  DustTemp 8.46e+01 Pot Volt 9.10e-01 Chrg (e) 7.19e+00 drf cm/s 2.38e+04 Heating: 8.68e-20 Frac tot 7.46e-03
 gra-ism04  *  DustTemp 8.09e+01 Pot Volt 5.91e-01 Chrg (e) 6.86e+00 drf cm/s 4.83e+04 Heating: 6.49e-20 Frac tot 5.58e-03
 gra-ism05  *  DustTemp 7.70e+01 Pot Volt 2.74e-01 Chrg (e) 4.39e+00 drf cm/s 9.52e+04 Heating: 4.79e-20 Frac tot 4.12e-03
 gra-ism06  *  DustTemp 7.30e+01 Pot Volt 2.98e-02 Chrg (e)-1.32e-01 drf cm/s 1.33e+05 Heating: 3.49e-20 Frac tot 3.00e-03
 gra-ism07  *  DustTemp 6.91e+01 Pot Volt-1.88e-01 Chrg (e)-9.11e+00 drf cm/s 1.45e+05 Heating: 2.54e-20 Frac tot 2.19e-03
 gra-ism08  *  DustTemp 6.50e+01 Pot Volt-3.88e-01 Chrg (e)-2.57e+01 drf cm/s 1.54e+05 Heating: 1.88e-20 Frac tot 1.61e-03
 gra-ism09  *  DustTemp 6.10e+01 Pot Volt-5.45e-01 Chrg (e)-5.23e+01 drf cm/s 1.62e+05 Heating: 1.40e-20 Frac tot 1.20e-03
 gra-ism10  *  DustTemp 5.69e+01 Pot Volt-6.63e-01 Chrg (e)-9.33e+01 drf cm/s 1.69e+05 Heating: 1.06e-20 Frac tot 9.11e-04
 sil-ism01  *  DustTemp 8.53e+01 Pot Volt 2.61e-01 Chrg (e) 7.36e-02 drf cm/s 4.96e+04 Heating: 1.39e-19 Frac tot 1.20e-02
 sil-ism02  *  DustTemp 8.39e+01 Pot Volt 2.93e-01 Chrg (e) 7.85e-01 drf cm/s 6.47e+04 Heating: 1.16e-19 Frac tot 9.94e-03
 sil-ism03  *  DustTemp 8.19e+01 Pot Volt 2.50e-01 Chrg (e) 1.25e+00 drf cm/s 8.96e+04 Heating: 9.13e-20 Frac tot 7.85e-03
 sil-ism04  *  DustTemp 7.93e+01 Pot Volt 1.37e-01 Chrg (e) 8.19e-01 drf cm/s 1.25e+05 Heating: 6.96e-20 Frac tot 5.98e-03
 sil-ism05  *  DustTemp 7.62e+01 Pot Volt 4.53e-03 Chrg (e)-9.11e-01 drf cm/s 1.54e+05 Heating: 5.13e-20 Frac tot 4.41e-03
 sil-ism06  *  DustTemp 7.27e+01 Pot Volt-2.60e-01 Chrg (e)-8.58e+00 drf cm/s 1.70e+05 Heating: 3.74e-20 Frac tot 3.21e-03
 sil-ism07  *  DustTemp 6.89e+01 Pot Volt-5.08e-01 Chrg (e)-2.29e+01 drf cm/s 1.81e+05 Heating: 2.69e-20 Frac tot 2.31e-03
 sil-ism08  *  DustTemp 6.51e+01 Pot Volt-7.21e-01 Chrg (e)-4.69e+01 drf cm/s 1.88e+05 Heating: 1.94e-20 Frac tot 1.67e-03
 sil-ism09  *  DustTemp 6.12e+01 Pot Volt-8.89e-01 Chrg (e)-8.47e+01 drf cm/s 1.90e+05 Heating: 1.42e-20 Frac tot 1.22e-03
 sil-ism10     DustTemp 5.75e+01 Pot Volt-1.01e+00 Chrg (e)-1.42e+02 drf cm/s 1.90e+05 Heating: 1.06e-20 Frac tot 9.09e-04
 gra-ism01  *  DustTemp 9.04e+01 Pot Volt 1.25e+00 Chrg (e) 4.14e+00 drf cm/s 8.44e+03 Heating: 2.15e-19 Frac tot 1.85e-02
 gra-ism02  *  DustTemp 8.81e+01 Pot Volt 1.18e+00 Chrg (e) 6.20e+00 drf cm/s 1.26e+04 Heating: 1.71e-19 Frac tot 1.47e-02
 gra-ism03  *  DustTemp 8.46e+01 Pot Volt 9.10e-01 Chrg (e) 7.19e+00 drf cm/s 2.38e+04 Heating: 1.30e-19 Frac tot 1.12e-02
 gra-ism04  *  DustTemp 8.09e+01 Pot Volt 5.91e-01 Chrg (e) 6.86e+00 drf cm/s 4.83e+04 Heating: 9.74e-20 Frac tot 8.38e-03
 gra-ism05  *  DustTemp 7.70e+01 Pot Volt 2.74e-01 Chrg (e) 4.39e+00 drf cm/s 9.52e+04 Heating: 7.18e-20 Frac tot 6.18e-03
 gra-ism06  *  DustTemp 7.30e+01 Pot Volt 2.98e-02 Chrg (e)-1.32e-01 drf cm/s 1.33e+05 Heating: 5.23e-20 Frac tot 4.50e-03
 gra-ism07  *  DustTemp 6.91e+01 Pot Volt-1.88e-01 Chrg (e)-9.11e+00 drf cm/s 1.45e+05 Heating: 3.82e-20 Frac tot 3.28e-03
 gra-ism08  *  DustTemp 6.50e+01 Pot Volt-3.88e-01 Chrg (e)-2.57e+01 drf cm/s 1.54e+05 Heating: 2.81e-20 Frac tot 2.42e-03
 gra-ism09  *  DustTemp 6.10e+01 Pot Volt-5.45e-01 Chrg (e)-5.23e+01 drf cm/s 1.62e+05 Heating: 2.10e-20 Frac tot 1.81e-03
 gra-ism10  *  DustTemp 5.69e+01 Pot Volt-6.63e-01 Chrg (e)-9.33e+01 drf cm/s 1.69e+05 Heating: 1.59e-20 Frac tot 1.37e-03
 sil-ism01  *  DustTemp 8.53e+01 Pot Volt 2.61e-01 Chrg (e) 7.36e-02 drf cm/s 4.96e+04 Heating: 2.09e-19 Frac tot 1.80e-02
 sil-ism02  *  DustTemp 8.39e+01 Pot Volt 2.93e-01 Chrg (e) 7.85e-01 drf cm/s 6.47e+04 Heating: 1.73e-19 Frac tot 1.49e-02
 sil-ism03  *  DustTemp 8.19e+01 Pot Volt 2.50e-01 Chrg (e) 1.25e+00 drf cm/s 8.96e+04 Heating: 1.37e-19 Frac tot 1.18e-02
 sil-ism04  *  DustTemp 7.93e+01 Pot Volt 1.37e-01 Chrg (e) 8.19e-01 drf cm/s 1.25e+05 Heating: 1.04e-19 Frac tot 8.97e-03
 sil-ism05  *  DustTemp 7.62e+01 Pot Volt 4.53e-03 Chrg (e)-9.11e-01 drf cm/s 1.54e+05 Heating: 7.70e-20 Frac tot 6.62e-03
 sil-ism06  *  DustTemp 7.27e+01 Pot Volt-2.60e-01 Chrg (e)-8.58e+00 drf cm/s 1.70e+05 Heating: 5.60e-20 Frac tot 4.82e-03
 sil-ism07  *  DustTemp 6.89e+01 Pot Volt-5.08e-01 Chrg (e)-2.29e+01 drf cm/s 1.81e+05 Heating: 4.03e-20 Frac tot 3.47e-03
 sil-ism08  *  DustTemp 6.51e+01 Pot Volt-7.21e-01 Chrg (e)-4.69e+01 drf cm/s 1.88e+05 Heating: 2.91e-20 Frac tot 2.50e-03
 sil-ism09  *  DustTemp 6.12e+01 Pot Volt-8.89e-01 Chrg (e)-8.47e+01 drf cm/s 1.90e+05 Heating: 2.12e-20 Frac tot 1.83e-03
 sil-ism10     DustTemp 5.75e+01 Pot Volt-1.01e+00 Chrg (e)-1.42e+02 drf cm/s 1.90e+05 Heating: 1.58e-20 Frac tot 1.36e-03
 Molecules     CH/Ctot: 7.15e-17 CH+/Ctot 4.29e-16 CO/Ctot: 1.51e-23 CO+/Ctot 2.66e-23 H2O/Otot 6.57e-30 OH/Ototl 1.19e-17
 Lithium       2.94e-06 2.89e-02 4.28e-01 5.43e-01 Berylliu 0.00e+00 0.00e+00 0.00e+00 0.00e+00 0.00e+00 sec ion: 9.64e-14
 Boron         1.24e-05 6.60e-03 4.48e-02 9.49e-01 7.50e-06 0.00e+00
 Carbon        2.01e-06 8.51e-04 6.09e-02 2.13e-01 7.25e-01 3.18e-06 0.00e+00 H2O+/O   1.12e-30 OH+/Otot 5.63e-18 Hex(tot) 0.00e+00
 Nitrogen      1.61e-06 3.06e-04 5.05e-02 3.37e-01 3.99e-01 2.13e-01 6.73e-07 0.00e+00 O2/Ototl 8.39e-26 O2+/Otot 2.42e-26
 Oxygen        6.88e-07 9.90e-05 2.09e-02 3.23e-01 5.07e-01 1.49e-01 5.08e-07 0.00e+00 0.00e+00
 Fluorine      1.31e-06 5.10e-05 1.33e-02 2.02e-01 6.59e-01 1.26e-01 0.00e+00 0.00e+00 0.00e+00 0.00e+00
 Neon          1.44e-06 2.40e-05 1.24e-02 2.19e-01 6.59e-01 1.09e-01 0.00e+00 0.00e+00 0.00e+00 0.00e+00 0.00e+00
 Sodium        1.72e-07 9.04e-06 4.78e-03 1.71e-01 8.24e-01 8.31e-07 0.00e+00 0.00e+00 0.00e+00 0.00e+00 0.00e+00 0.00e+00
 Magnesium     7.22e-07 1.14e-05 7.94e-03 2.00e-01 7.92e-01 1.49e-06 0.00e+00 0.00e+00 0.00e+00 0.00e+00 0.00e+00 0.00e+00 0.00e+00
 Aluminium  0  2.92e-07 1.02e-04 1.03e-03 1.33e-01 8.65e-01 3.16e-06 0.00e+00 0.00e+00 0.00e+00 0.00e+00 0.00e+00 0.00e+00 0.00e+00
 Silicon    0  1.59e-06 9.66e-04 2.69e-02 1.24e-01 8.48e-01 3.94e-06 0.00e+00 0.00e+00 0.00e+00 0.00e+00 0.00e+00 0.00e+00 0.00e+00
 Phosphorus 0  2.55e-06 6.36e-03 9.25e-02 2.81e-01 3.08e-01 3.12e-01 8.56e-07 0.00e+00 0.00e+00 0.00e+00 0.00e+00 0.00e+00 0.00e+00
 Sulphur    0  5.92e-07 1.25e-03 8.34e-02 4.00e-01 3.11e-01 1.58e-01 4.70e-02 0.00e+00 0.00e+00 0.00e+00 0.00e+00 0.00e+00 0.00e+00
 Chlorine   0  4.06e-07 6.38e-04 4.52e-02 3.46e-01 4.27e-01 1.56e-01 2.29e-02 1.86e-03 0.00e+00 0.00e+00 0.00e+00 0.00e+00 0.00e+00
 Argon      0  4.66e-07 1.35e-04 5.94e-02 2.73e-01 4.49e-01 2.06e-01 1.26e-02 3.81e-04 0.00e+00 0.00e+00 0.00e+00 0.00e+00 0.00e+00
 Potassium  0  4.70e-08 3.75e-04 3.54e-02 3.24e-01 4.53e-01 1.74e-01 1.24e-02 1.66e-04 0.00e+00 0.00e+00 0.00e+00 0.00e+00 0.00e+00
 Calcium    0  2.34e-07 4.41e-05 1.17e-02 1.81e-01 5.53e-01 2.41e-01 1.31e-02 1.55e-04 0.00e+00 0.00e+00 0.00e+00 0.00e+00 0.00e+00
 Titanium   0  1.15e-07 7.93e-06 1.66e-03 1.36e-01 4.20e-01 3.86e-01 5.61e-02 0.00e+00 0.00e+00 0.00e+00 0.00e+00 0.00e+00 0.00e+00
 Vanadium   0  1.57e-07 1.24e-06 2.35e-04 1.08e-02 1.92e-01 7.43e-01 5.39e-02 0.00e+00 0.00e+00 0.00e+00 0.00e+00 0.00e+00 0.00e+00
 Chromium   0  1.80e-07 7.58e-07 1.99e-04 8.18e-03 1.31e-01 5.33e-01 3.28e-01 2.73e-07 0.00e+00 0.00e+00 0.00e+00 0.00e+00 0.00e+00
 Manganese  0  1.50e-07 1.20e-06 1.45e-04 5.85e-03 1.22e-01 5.30e-01 3.33e-01 8.81e-03 0.00e+00 0.00e+00 0.00e+00 0.00e+00 0.00e+00
 Iron       0  1.57e-07 7.65e-07 2.74e-05 2.66e-03 5.48e-02 3.32e-01 5.63e-01 4.77e-02 0.00e+00 0.00e+00 0.00e+00 0.00e+00 0.00e+00
 Cobalt     0  3.20e-07 7.31e-07 2.08e-05 1.86e-03 6.45e-02 4.22e-01 4.55e-01 5.69e-02 0.00e+00 0.00e+00 0.00e+00 0.00e+00 0.00e+00
 Nickel     0  1.61e-07 7.67e-07 2.34e-05 1.46e-03 4.67e-02 4.33e-01 4.73e-01 4.51e-02 0.00e+00 0.00e+00 0.00e+00 0.00e+00 0.00e+00
 Copper     0  2.69e-07 7.44e-07 2.43e-05 1.57e-03 3.70e-02 3.51e-01 6.10e-01 6.46e-07 0.00e+00 0.00e+00 0.00e+00 0.00e+00 0.00e+00
 Zinc       0  7.84e-07 1.02e-06 7.70e-06 9.61e-04 3.71e-02 3.51e-01 5.62e-01 4.92e-02 0.00e+00 0.00e+00 0.00e+00 0.00e+00 0.00e+00
 #### 33  Te:1.917E+04 Hden:1.000E+03 Ne:1.196E+03 R:1.000E+30 R-R0:1.072E+10 dR:9.131E+07 NTR:  7 Htot:1.163E-17 T912: 1.05e-07###
 Hydrogen      9.28e-04 9.99e-01 H+o/Hden 1.00e+00 4.04e-11 H-    H2 2.88e-14 1.63e-12 H2+ HeH+ 9.84e-13 Ho+ ColD 1.00e+10 1.08e+13
 Helium        2.39e-05 2.61e-02 9.74e-01 HeI 2s3S 2.10e-08 Comp H,C 2.50e-24 2.71e-25 Fill Fac 1.00e+00 Gam1/tot 9.93e-01
 He singlet n  2.39e-05 1.82e-14 3.32e-21 3.83e-21 2.41e-21 3.72e-21 He tripl 2.10e-08 8.21e-19 1.56e-20 7.11e-20 1.33e-20
 Pressure      NgasTgas 4.40e+07 P(total) 6.07e-09 P( gas ) 6.07e-09 P(Radtn) 0.00e+00 Rad accl 1.93e-06 ForceMul 6.49e+03
 Texc(La)      3.35e+03 T(I con) 1.85e+01 T(D con) 2.31e-01 T(U tot) 1.85e+01 nT (c+d) 4.52e+06 Prad/Gas 0.00e+00 Pmag/Gas 0.00e+00
 gra-ism01  *  DustTemp 9.04e+01 Pot Volt 1.25e+00 Chrg (e) 4.14e+00 drf cm/s 8.45e+03 Heating: 1.43e-19 Frac tot 1.23e-02
 gra-ism02  *  DustTemp 8.81e+01 Pot Volt 1.18e+00 Chrg (e) 6.20e+00 drf cm/s 1.26e+04 Heating: 1.14e-19 Frac tot 9.79e-03
 gra-ism03  *  DustTemp 8.46e+01 Pot Volt 9.09e-01 Chrg (e) 7.19e+00 drf cm/s 2.38e+04 Heating: 8.68e-20 Frac tot 7.46e-03
 gra-ism04  *  DustTemp 8.09e+01 Pot Volt 5.90e-01 Chrg (e) 6.85e+00 drf cm/s 4.84e+04 Heating: 6.49e-20 Frac tot 5.58e-03
 gra-ism05  *  DustTemp 7.70e+01 Pot Volt 2.73e-01 Chrg (e) 4.38e+00 drf cm/s 9.53e+04 Heating: 4.79e-20 Frac tot 4.12e-03
 gra-ism06  *  DustTemp 7.30e+01 Pot Volt 2.96e-02 Chrg (e)-1.38e-01 drf cm/s 1.33e+05 Heating: 3.49e-20 Frac tot 3.00e-03
 gra-ism07  *  DustTemp 6.91e+01 Pot Volt-1.89e-01 Chrg (e)-9.13e+00 drf cm/s 1.45e+05 Heating: 2.54e-20 Frac tot 2.19e-03
 gra-ism08  *  DustTemp 6.50e+01 Pot Volt-3.89e-01 Chrg (e)-2.57e+01 drf cm/s 1.54e+05 Heating: 1.88e-20 Frac tot 1.61e-03
 gra-ism09  *  DustTemp 6.10e+01 Pot Volt-5.45e-01 Chrg (e)-5.23e+01 drf cm/s 1.62e+05 Heating: 1.40e-20 Frac tot 1.20e-03
 gra-ism10  *  DustTemp 5.69e+01 Pot Volt-6.64e-01 Chrg (e)-9.34e+01 drf cm/s 1.69e+05 Heating: 1.06e-20 Frac tot 9.11e-04
 sil-ism01  *  DustTemp 8.53e+01 Pot Volt 2.60e-01 Chrg (e) 7.21e-02 drf cm/s 4.97e+04 Heating: 1.39e-19 Frac tot 1.20e-02
 sil-ism02  *  DustTemp 8.39e+01 Pot Volt 2.93e-01 Chrg (e) 7.83e-01 drf cm/s 6.47e+04 Heating: 1.16e-19 Frac tot 9.94e-03
 sil-ism03  *  DustTemp 8.19e+01 Pot Volt 2.50e-01 Chrg (e) 1.25e+00 drf cm/s 8.96e+04 Heating: 9.13e-20 Frac tot 7.85e-03
 sil-ism04  *  DustTemp 7.93e+01 Pot Volt 1.36e-01 Chrg (e) 8.16e-01 drf cm/s 1.25e+05 Heating: 6.96e-20 Frac tot 5.98e-03
 sil-ism05  *  DustTemp 7.62e+01 Pot Volt 4.32e-03 Chrg (e)-9.15e-01 drf cm/s 1.54e+05 Heating: 5.13e-20 Frac tot 4.41e-03
 sil-ism06  *  DustTemp 7.27e+01 Pot Volt-2.61e-01 Chrg (e)-8.59e+00 drf cm/s 1.70e+05 Heating: 3.74e-20 Frac tot 3.21e-03
 sil-ism07  *  DustTemp 6.89e+01 Pot Volt-5.08e-01 Chrg (e)-2.29e+01 drf cm/s 1.81e+05 Heating: 2.69e-20 Frac tot 2.31e-03
 sil-ism08  *  DustTemp 6.51e+01 Pot Volt-7.21e-01 Chrg (e)-4.69e+01 drf cm/s 1.88e+05 Heating: 1.94e-20 Frac tot 1.67e-03
 sil-ism09  *  DustTemp 6.12e+01 Pot Volt-8.89e-01 Chrg (e)-8.47e+01 drf cm/s 1.90e+05 Heating: 1.42e-20 Frac tot 1.22e-03
 sil-ism10     DustTemp 5.75e+01 Pot Volt-1.01e+00 Chrg (e)-1.42e+02 drf cm/s 1.90e+05 Heating: 1.06e-20 Frac tot 9.09e-04
 gra-ism01  *  DustTemp 9.04e+01 Pot Volt 1.25e+00 Chrg (e) 4.14e+00 drf cm/s 8.45e+03 Heating: 2.15e-19 Frac tot 1.85e-02
 gra-ism02  *  DustTemp 8.81e+01 Pot Volt 1.18e+00 Chrg (e) 6.20e+00 drf cm/s 1.26e+04 Heating: 1.71e-19 Frac tot 1.47e-02
 gra-ism03  *  DustTemp 8.46e+01 Pot Volt 9.09e-01 Chrg (e) 7.19e+00 drf cm/s 2.38e+04 Heating: 1.30e-19 Frac tot 1.12e-02
 gra-ism04  *  DustTemp 8.09e+01 Pot Volt 5.90e-01 Chrg (e) 6.85e+00 drf cm/s 4.84e+04 Heating: 9.74e-20 Frac tot 8.37e-03
 gra-ism05  *  DustTemp 7.70e+01 Pot Volt 2.73e-01 Chrg (e) 4.38e+00 drf cm/s 9.53e+04 Heating: 7.18e-20 Frac tot 6.17e-03
 gra-ism06  *  DustTemp 7.30e+01 Pot Volt 2.96e-02 Chrg (e)-1.38e-01 drf cm/s 1.33e+05 Heating: 5.23e-20 Frac tot 4.50e-03
 gra-ism07  *  DustTemp 6.91e+01 Pot Volt-1.89e-01 Chrg (e)-9.13e+00 drf cm/s 1.45e+05 Heating: 3.82e-20 Frac tot 3.28e-03
 gra-ism08  *  DustTemp 6.50e+01 Pot Volt-3.89e-01 Chrg (e)-2.57e+01 drf cm/s 1.54e+05 Heating: 2.82e-20 Frac tot 2.42e-03
 gra-ism09  *  DustTemp 6.10e+01 Pot Volt-5.45e-01 Chrg (e)-5.23e+01 drf cm/s 1.62e+05 Heating: 2.10e-20 Frac tot 1.81e-03
 gra-ism10  *  DustTemp 5.69e+01 Pot Volt-6.64e-01 Chrg (e)-9.34e+01 drf cm/s 1.69e+05 Heating: 1.59e-20 Frac tot 1.37e-03
 sil-ism01  *  DustTemp 8.53e+01 Pot Volt 2.60e-01 Chrg (e) 7.21e-02 drf cm/s 4.97e+04 Heating: 2.09e-19 Frac tot 1.80e-02
 sil-ism02  *  DustTemp 8.39e+01 Pot Volt 2.93e-01 Chrg (e) 7.83e-01 drf cm/s 6.47e+04 Heating: 1.73e-19 Frac tot 1.49e-02
 sil-ism03  *  DustTemp 8.19e+01 Pot Volt 2.50e-01 Chrg (e) 1.25e+00 drf cm/s 8.96e+04 Heating: 1.37e-19 Frac tot 1.18e-02
 sil-ism04  *  DustTemp 7.93e+01 Pot Volt 1.36e-01 Chrg (e) 8.16e-01 drf cm/s 1.25e+05 Heating: 1.04e-19 Frac tot 8.97e-03
 sil-ism05  *  DustTemp 7.62e+01 Pot Volt 4.32e-03 Chrg (e)-9.15e-01 drf cm/s 1.54e+05 Heating: 7.70e-20 Frac tot 6.62e-03
 sil-ism06  *  DustTemp 7.27e+01 Pot Volt-2.61e-01 Chrg (e)-8.59e+00 drf cm/s 1.70e+05 Heating: 5.60e-20 Frac tot 4.82e-03
 sil-ism07  *  DustTemp 6.89e+01 Pot Volt-5.08e-01 Chrg (e)-2.29e+01 drf cm/s 1.81e+05 Heating: 4.03e-20 Frac tot 3.47e-03
 sil-ism08  *  DustTemp 6.51e+01 Pot Volt-7.21e-01 Chrg (e)-4.69e+01 drf cm/s 1.88e+05 Heating: 2.91e-20 Frac tot 2.50e-03
 sil-ism09  *  DustTemp 6.12e+01 Pot Volt-8.89e-01 Chrg (e)-8.47e+01 drf cm/s 1.90e+05 Heating: 2.12e-20 Frac tot 1.83e-03
 sil-ism10     DustTemp 5.75e+01 Pot Volt-1.01e+00 Chrg (e)-1.42e+02 drf cm/s 1.90e+05 Heating: 1.58e-20 Frac tot 1.36e-03
 Molecules     CH/Ctot: 7.15e-17 CH+/Ctot 4.30e-16 CO/Ctot: 1.51e-23 CO+/Ctot 2.66e-23 H2O/Otot 6.58e-30 OH/Ototl 1.19e-17
 Lithium       2.94e-06 2.89e-02 4.28e-01 5.43e-01 Berylliu 0.00e+00 0.00e+00 0.00e+00 0.00e+00 0.00e+00 sec ion: 9.22e-14
 Boron         1.24e-05 6.60e-03 4.48e-02 9.49e-01 7.16e-06 0.00e+00
 Carbon        2.01e-06 8.52e-04 6.10e-02 2.13e-01 7.25e-01 3.04e-06 0.00e+00 H2O+/O   1.12e-30 OH+/Otot 5.63e-18 Hex(tot) 0.00e+00
 Nitrogen      1.67e-06 3.06e-04 5.05e-02 3.37e-01 3.99e-01 2.13e-01 6.43e-07 0.00e+00 O2/Ototl 8.40e-26 O2+/Otot 2.42e-26
 Oxygen        6.89e-07 9.91e-05 2.09e-02 3.23e-01 5.07e-01 1.49e-01 4.85e-07 0.00e+00 0.00e+00
 Fluorine      1.31e-06 5.10e-05 1.33e-02 2.02e-01 6.59e-01 1.26e-01 0.00e+00 0.00e+00 0.00e+00 0.00e+00
 Neon          1.44e-06 2.40e-05 1.24e-02 2.19e-01 6.59e-01 1.09e-01 0.00e+00 0.00e+00 0.00e+00 0.00e+00 0.00e+00
 Sodium        1.72e-07 9.05e-06 4.78e-03 1.72e-01 8.24e-01 7.94e-07 0.00e+00 0.00e+00 0.00e+00 0.00e+00 0.00e+00 0.00e+00
 Magnesium     7.22e-07 1.14e-05 7.94e-03 2.00e-01 7.92e-01 1.43e-06 0.00e+00 0.00e+00 0.00e+00 0.00e+00 0.00e+00 0.00e+00 0.00e+00
 Aluminium  0  2.92e-07 1.02e-04 1.03e-03 1.33e-01 8.65e-01 3.02e-06 0.00e+00 0.00e+00 0.00e+00 0.00e+00 0.00e+00 0.00e+00 0.00e+00
 Silicon    0  1.59e-06 9.67e-04 2.69e-02 1.24e-01 8.48e-01 3.76e-06 0.00e+00 0.00e+00 0.00e+00 0.00e+00 0.00e+00 0.00e+00 0.00e+00
 Phosphorus 0  2.55e-06 6.37e-03 9.25e-02 2.81e-01 3.08e-01 3.12e-01 8.18e-07 0.00e+00 0.00e+00 0.00e+00 0.00e+00 0.00e+00 0.00e+00
 Sulphur    0  5.92e-07 1.25e-03 8.34e-02 4.00e-01 3.11e-01 1.58e-01 4.70e-02 0.00e+00 0.00e+00 0.00e+00 0.00e+00 0.00e+00 0.00e+00
 Chlorine   0  4.06e-07 6.38e-04 4.53e-02 3.46e-01 4.27e-01 1.56e-01 2.29e-02 1.85e-03 0.00e+00 0.00e+00 0.00e+00 0.00e+00 0.00e+00
 Argon      0  4.66e-07 1.35e-04 5.94e-02 2.73e-01 4.49e-01 2.06e-01 1.26e-02 3.80e-04 0.00e+00 0.00e+00 0.00e+00 0.00e+00 0.00e+00
 Potassium  0  4.70e-08 3.76e-04 3.54e-02 3.24e-01 4.53e-01 1.74e-01 1.24e-02 1.66e-04 0.00e+00 0.00e+00 0.00e+00 0.00e+00 0.00e+00
 Calcium    0  2.34e-07 4.41e-05 1.17e-02 1.81e-01 5.53e-01 2.41e-01 1.31e-02 1.55e-04 0.00e+00 0.00e+00 0.00e+00 0.00e+00 0.00e+00
 Titanium   0  1.15e-07 7.94e-06 1.66e-03 1.36e-01 4.20e-01 3.86e-01 5.60e-02 0.00e+00 0.00e+00 0.00e+00 0.00e+00 0.00e+00 0.00e+00
 Vanadium   0  1.57e-07 1.24e-06 2.35e-04 1.08e-02 1.92e-01 7.43e-01 5.39e-02 0.00e+00 0.00e+00 0.00e+00 0.00e+00 0.00e+00 0.00e+00
 Chromium   0  1.80e-07 7.58e-07 1.99e-04 8.18e-03 1.31e-01 5.33e-01 3.28e-01 2.60e-07 0.00e+00 0.00e+00 0.00e+00 0.00e+00 0.00e+00
 Manganese  0  1.50e-07 1.20e-06 1.45e-04 5.85e-03 1.22e-01 5.30e-01 3.33e-01 8.80e-03 0.00e+00 0.00e+00 0.00e+00 0.00e+00 0.00e+00
 Iron       0  1.57e-07 7.65e-07 2.74e-05 2.66e-03 5.49e-02 3.32e-01 5.63e-01 4.77e-02 0.00e+00 0.00e+00 0.00e+00 0.00e+00 0.00e+00
 Cobalt     0  3.20e-07 7.32e-07 2.08e-05 1.86e-03 6.45e-02 4.22e-01 4.55e-01 5.68e-02 0.00e+00 0.00e+00 0.00e+00 0.00e+00 0.00e+00
 Nickel     0  1.61e-07 7.67e-07 2.34e-05 1.47e-03 4.67e-02 4.33e-01 4.73e-01 4.51e-02 0.00e+00 0.00e+00 0.00e+00 0.00e+00 0.00e+00
 Copper     0  2.70e-07 7.44e-07 2.43e-05 1.57e-03 3.71e-02 3.51e-01 6.10e-01 6.17e-07 0.00e+00 0.00e+00 0.00e+00 0.00e+00 0.00e+00
 Zinc       0  7.84e-07 1.02e-06 7.71e-06 9.62e-04 3.71e-02 3.51e-01 5.62e-01 4.91e-02 0.00e+00 0.00e+00 0.00e+00 0.00e+00 0.00e+00
   young test3  
   Calculation stopped because H0 column dens reached. Iteration 1 of 10
   The geometry is plane-parallel.
  !Some input lines contained underscores, these were changed to spaces.
  !Continuum zero at some energies.
  !AGE: Cloud age was not set.  Longest timescale was 5.73e+09 s = 1.81e+02 years.
  !The level2 lines are disabled.  UV pumping of excited levels within ground terms is not treated.
  !Isotropic continuum subtraction significantly affects line intensities
   Thermal collisional ionization of H reached 0.67% of the local ionization rate.
   Charge transfer H => H+ reached 1.05% of the local H ionization rate.
   Destruction of He 2TriS reached 1.5% of the total He0 dest rate at zone 1, 0.1% of that was photoionization.
   The density is too low to l-mix the lowest H  I collapsed level.  More resolved levels are needed for accurate line ratios.
   The density is too low to l-mix the lowest He I collapsed level.  More resolved levels are needed for accurate line ratios.
   The largest continuum occupation number was 5.668e+03 at 3.045e-09 Ryd.
   Local grain-gas photoelectric heating rate reached  24.4% of the total.
   Global grain photoelectric heating of gas was 24.4% of the total.
   Local grain-gas cooling of gas rate reached   8.8% of the total.

                       *********************************> Cloudy 23.01 <**********************************
                       * title young test3                                                               *
                       * Ionization parameter -2                                                         *
                       * table SED "fsps_young.ascii"                                                    *
                       * hden 3                                                                          *
                       * cmb                                                                             *
                       * iterate to convergence                                                          *
                       * stop temperature 100 K                                                          *
                       * stop neutral column density 10                                                  *
                       * set temperature floor 2.73                                                      *
                       * set nchrg 2                                                                     *
                       * normalize to "H  1" 18751.0 angstroms                                           *
                       * no level 2 lines                                                                *
                       * abundances ism                                                                  *
                       * grains ISM abundance scaling 1.5                                                *
                       * COSMIC RAYS BACKGROUND                                                          *
                       * save lines sum, array young test3 "H  1" no extinction                          *
                       * save grains extinction "extinction.dat"                                         *
                       *********************************> Log(U): -2.00 <*********************************

                     Emission Line Spectrum.   Constant  Density Model.    Open geometry.  Iteration 1 of 10.
                                                     Intensity (erg/s/cm^2).


                                                   Intrinsic line intensities
general properties.............................      H  1                1.81741m  -11.019    0.0388      N  4                387.356A  -11.793    0.0065
Inci                      0     1.421 *********      H  1                1.73621m  -11.156    0.0283      N  4                463.736A  -10.018    0.3888
TotH                      0    -6.902  507.8764      H  1                1.68065m  -11.244    0.0231      N  4                591.180A  -11.357    0.0178
TotC                      0    -6.902  507.8792      H  1                1.64072m  -11.349    0.0182      N  5                162.556A   -9.609    0.9984
BFH1                      0    -7.438  148.0769      H  1                1.61093m  -11.444    0.0146      N  5                162.564A   -9.910    0.4992
BFHe                      0    -7.302  202.3874      H  1                1.58805m  -11.530    0.0120      N  5                209.274A   -8.918    4.8970
TotM                      0    -8.114   31.1980      H  1                1.57007m  -11.607    0.0100      N  5                209.308A   -9.219    2.4482
CT H                      0    -9.305    2.0095      H  1                1.55565m  -11.677    0.0085      N  5                247.561A  -11.376    0.0170
H FB                      0    -8.177   26.9894      H  1                1.54389m  -11.740    0.0074      N  5                247.706A  -11.121    0.0307
HFBc                      0    -8.177   26.9894      H  1                1.53418m  -11.797    0.0065      N  5                247.719A  -12.076    0.0034
H  1c                     0    -7.851   57.1331      H  1                1.52605m  -11.847    0.0058      N  5                266.196A  -10.709    0.0793
He 1c                     0   -10.831    0.0598      H  1                1.51919m  -11.889    0.0052      N  5                266.379A  -10.409    0.1583
Ar 3c                     0   -10.009    0.3975      H  1                1.51332m  -11.925    0.0048      N  5                628.744A  -10.819    0.0615
Ar 4c                     0    -9.445    1.4564      H  1                7.45782m  -10.783    0.0668      N  5                628.874A  -11.120    0.0308
Ar 5c                     0    -8.883    5.3068      H  1                4.65251m  -10.961    0.0444      N  5                764.704A  -12.565    0.0011
Ar 6c                     0    -9.263    2.2142      H  1                3.73954m  -11.130    0.0300      N  5                764.833A  -11.611    0.0099
C  2c                     0   -10.415    0.1560      H  1                3.29609m  -11.282    0.0212      N  5                764.896A  -11.866    0.0055
C  3c                     0    -8.626    9.5988      H  1                3.03837m  -11.419    0.0155      N  5                1238.82A   -8.457   14.1466
Cl 5c                     0   -12.127    0.0030      H  1                2.87221m  -11.533    0.0119      N  5                1242.80A   -8.754    7.1412
F  4c                     0   -12.016    0.0039      H  1                2.75752m  -11.637    0.0094      Ne 3                15.5509m  -10.642    0.0926
Fe 7c                     0    -9.678    0.8520      H  1                2.67440m  -11.732    0.0075      Ne 3                3868.76A  -10.101    0.3212
K  4c                     0   -12.149    0.0029      H  1                2.61194m  -11.817    0.0062      Ne 3                489.500A  -10.215    0.2475
N  4c                     0    -8.639    9.3053      H  1                2.56363m  -11.894    0.0052      Ne 3                488.108A  -10.941    0.0465
N  5c                     0    -8.505   12.6766      H  1                2.52540m  -11.964    0.0044      Ne 3                313.056A  -10.894    0.0518
Ne 3c                     0    -9.884    0.5297      H  1                2.49458m  -12.027    0.0038      Ne 3                36.0036m  -11.693    0.0082
O  2c                     0   -11.184    0.0265      H  1                2.46931m  -12.084    0.0033      Ne 3                3967.47A  -10.619    0.0975
O  3c                     0    -8.814    6.2216      H  1                2.44833m  -12.133    0.0030      Ne 3                1814.56A  -11.700    0.0081
O  5c                     0    -8.528   12.0304      H  1                2.43070m  -12.176    0.0027      Ne 3                491.045A  -10.697    0.0815
P  2c                     0   -11.908    0.0050      H  1                2.41573m  -12.212    0.0025      Ne 3                489.645A  -11.167    0.0276
P  3c                     0   -11.879    0.0054      H  1                12.3685m  -11.216    0.0247      Ne 3                313.688A  -11.121    0.0307
P  4c                     0   -11.389    0.0166      H  1                7.50045m  -11.360    0.0177      Ne 3                490.311A  -11.045    0.0365
S  2c                     0   -10.260    0.2230      H  1                5.90660m  -11.506    0.0127      Ne 3                313.961A  -11.600    0.0102
S  3c                     0    -8.602   10.1390      H  1                5.12726m  -11.639    0.0093      Ne 3                3342.18A  -12.182    0.0027
S  5c                     0    -9.361    1.7655      H  1                4.67124m  -11.771    0.0069      O  2                539.086A  -12.268    0.0022
Si 2c                     0   -11.641    0.0093      H  1                4.37526m  -11.874    0.0054      O  2                539.547A  -12.445    0.0015
Si 3c                     0   -10.116    0.3108      H  1                4.16966m  -11.969    0.0044      O  2                832.758A  -12.393    0.0016
Si 4c                     0    -9.790    0.6576      H  1                4.01977m  -12.053    0.0036      O  2                833.330A  -12.089    0.0033
Al 5c                     0   -11.659    0.0089      H  1                3.90648m  -12.130    0.0030      O  2                834.465A  -11.915    0.0049
C  4c                     0    -7.723   76.7768      H  1                3.81841m  -12.200    0.0026      O  2                2470.34A  -12.551    0.0011
Cl 3c                     0   -11.413    0.0157      H  1                3.74837m  -12.262    0.0022      O  2                3728.81A  -11.588    0.0105
Cl 4c                     0   -10.438    0.1479      H  1                3.69163m  -12.319    0.0019      O  2                3726.03A  -11.521    0.0122
Fe 4c                     0   -12.182    0.0027      H  1                3.64493m  -12.368    0.0017      O  3                88.3323m  -10.687    0.0833
Fe 5c                     0   -10.792    0.0654      H  1                3.60599m  -12.411    0.0016      O  3                51.8004m  -10.264    0.2210
Fe 6c                     0    -9.815    0.6211      H  1                3.57313m  -12.446    0.0015      O  3                4958.91A   -9.484    1.3317
Fe 8c                     0   -11.297    0.0205      H  1                19.0567m  -11.588    0.0105      O  3                5006.84A   -9.009    3.9734
K  5c                     0   -11.418    0.0155      H  1                11.3056m  -11.708    0.0079      O  3                2320.95A  -11.110    0.0315
K  6c                     0   -11.720    0.0077      H  1                8.75768m  -11.834    0.0059      O  3                4363.21A  -10.511    0.1250
Mg 2c                     0   -12.251    0.0023      H  1                7.50606m  -11.976    0.0043      O  3                1660.81A  -10.608    0.1000
Mg 4c                     0   -10.245    0.2306      H  1                6.77015m  -12.077    0.0034      O  3                1666.15A  -10.141    0.2929
Mg 5c                     0    -8.926    4.8100      H  1                6.29020m  -12.170    0.0027      O  3                835.289A  -10.364    0.1755
N  2c                     0   -11.178    0.0269      H  1                5.95522m  -12.254    0.0023      O  3                833.749A  -10.119    0.3087
N  3c                     0    -9.635    0.9394      H  1                5.70991m  -12.331    0.0019      O  3                835.092A  -10.625    0.0962
Na 4c                     0   -11.250    0.0228      H  1                5.52368m  -12.400    0.0016      O  3                832.929A  -10.218    0.2453
Na 5c                     0   -10.793    0.0653      H  1                5.37831m  -12.462    0.0014      O  3                833.715A  -10.358    0.1779
Ne 4c                     0    -8.516   12.3685      H  1                5.26225m  -12.518    0.0012      O  3                835.059A  -11.562    0.0111
Ne 5c                     0    -7.647   91.4191      H  1                5.16787m  -12.567    0.0011      O  3                702.900A  -10.542    0.1164
Ne 6c                     0    -8.629    9.5244      H  1                27.7958m  -11.916    0.0049      O  3                703.854A  -10.055    0.3569
O  4c                     0    -8.100   32.2120      H  1                16.2047m  -12.016    0.0039      O  3                702.337A  -10.278    0.2139
O  6c                     0    -8.889    5.2365      H  1                12.3838m  -12.157    0.0028      O  3                702.896A  -10.391    0.1647
P  5c                     0   -11.221    0.0244      H  1                10.5006m  -12.255    0.0023      O  3                703.851A  -10.183    0.2664
S  4c                     0    -8.078   33.8891      H  1                9.38946m  -12.346    0.0018      O  3                702.838A  -10.267    0.2191
S  6c                     0    -9.784    0.6668      H  1                8.66214m  -12.429    0.0015      O  3                507.388A  -10.335    0.1877
continua.......................................      H  1                8.15267m  -12.505    0.0013      O  3                507.680A   -9.857    0.5638
Bac                 3646.00A   -7.960   44.5134      H  1                7.77825m  -12.574    0.0011      O  3                508.178A   -9.635    0.9400
nFnu                3645.00A   -7.749   72.3482      H  1                38.8593m  -12.210    0.0025      O  5                1218.34A   -8.930    4.7682
nFnu                3647.00A   -8.163   27.8348      H  1                22.3344m  -12.326    0.0019      O  5                1213.81A   -8.763    7.0025
cout                3646.00A   -8.261   22.2567      H  1                16.8760m  -12.416    0.0016      O  5                629.732A   -7.578  107.0710
cref                3646.00A   -8.261   22.2567      H  1                14.1792m  -12.504    0.0013      O  5                172.169A   -7.904   50.6304
thin                3646.00A   -7.960   44.5134      H  1                12.5836m  -12.586    0.0011      O  5                171.573A  -11.679    0.0085
Inci                4860.00A   -0.225 *********      H  1                52.5206m  -12.505    0.0013      O  5                759.442A  -12.443    0.0015
Inci                1367.00A    0.340 *********      H  1                29.8314m  -12.569    0.0011      O  5                215.040A  -12.059    0.0035
Inci                2066.00A    0.156 *********      Ca A                303.784A   -7.295  205.3988      O  5                761.128A  -12.585    0.0011
Inci                1215.00A    0.389 *********      Ca A                256.317A   -7.984   42.0597      O  5                760.227A  -12.569    0.0011
Ba C                      0    -8.457   14.1722      Ca A                243.027A   -8.407   15.9013      O  5                215.103A  -11.581    0.0106
PA C                      0    -8.902    5.0819      Ca A                237.331A   -8.713    7.8517      O  5                762.004A  -12.352    0.0018
FIR                 83.0000m   -2.261 *********      Ca A                234.347A   -8.955    4.4954      O  5                760.446A  -12.522    0.0012
TIR                 1800.00m   -1.951 *********      Ca A                232.584A   -9.156    2.8303      O  5                669.630A  -12.512    0.0012
NIRa                2.85000m   -0.410 *********      Ca A                231.454A   -9.328    1.9041      O  5                215.245A  -11.361    0.0177
NIRb                3.00000m   -0.655 *********      Ca A                230.686A   -9.479    1.3454      O  5                1371.30A   -9.802    0.6397
MIRa                15.0000m   -1.381 *********      Ca A                230.139A   -9.614    0.9874      O  5                774.518A  -11.026    0.0382
MIRb                22.5000m   -1.344 *********      Ca A                229.736A   -9.735    0.7466      O  5                248.460A  -11.227    0.0240
NMIR                21.7500m   -0.410 *********      Ca A                229.431A   -9.846    0.5786      O  5                270.723A  -12.139    0.0029
TFIR                611.250m   -2.299 *********      Ca A                229.194A   -9.947    0.4578      O  5                270.838A  -12.277    0.0021
TALL                10000.0A    1.421 *********      Ca A                229.006A  -10.041    0.3686      O  5                271.035A  -12.054    0.0036
